partition	codon	alpha	beta	alpha=beta	LRT	p-value	Total_branch_length	dN/dS_LB	dN/dS_MLE	dN/dS_UB	p-asmp	class
1	1	0.966	0.36	0.447	5.817	0.0198	37.094	0.255	0.373	0.538	0.0159	Purifying
1	2	0.835	0.053	0.206	49.816	0.0099	17.102	0.029	0.063	0.119	0	Purifying
1	3	2.285	0.101	0.166	16.443	0.0099	13.744	0.026	0.044	0.069	0.0001	Purifying
1	4	0.997	0.16	0.281	30.947	0.0099	23.283	0.106	0.161	0.235	0	Purifying
1	5	1.464	0.068	0.248	65.387	0.0099	20.582	0.024	0.047	0.081	0	Purifying
1	6	1.645	0.062	0.192	54.56	0.0099	15.891	0.019	0.038	0.067	0	Purifying
1	7	0.526	0.157	0.201	7.966	0.0198	16.712	0.197	0.299	0.436	0.0048	Purifying
1	8	1.904	0.081	0.188	55.875	0.0099	15.581	0.025	0.042	0.068	0	Purifying
1	9	0.627	0.067	0.188	33.609	0.0099	15.575	0.053	0.106	0.189	0	Purifying
1	10	1.491	0.223	0.353	26.711	0.0099	29.296	0.1	0.15	0.216	0	Purifying
1	11	2.439	0.68	0.862	5.468	0.0594	71.52	0.187	0.279	0.419	0.0194	Neutral
1	12	0.829	0.148	0.241	18.193	0.0099	19.962	0.113	0.178	0.27	0	Purifying
1	13	4.85	0.255	0.39	31.41	0.0099	32.362	0.037	0.052	0.073	0	Purifying
1	14	1.43	0.767	0.82	1.173	0.4356	67.997	0.38	0.536	0.778	0.2788	Neutral
1	15	1.647	0.382	0.491	9.684	0.0099	40.693	0.166	0.232	0.322	0.0019	Purifying
1	16	9.896	0.112	0.223	32.954	0.0099	18.484	0.007	0.011	0.018	0	Purifying
1	17	1.236	0.449	0.555	5.971	0.0099	46.079	0.259	0.363	0.508	0.0145	Purifying
1	18	1.583	0.558	0.69	5.522	0.0396	57.264	0.247	0.352	0.511	0.0188	Purifying
1	19	1.374	0.135	0.318	45.648	0.0099	26.362	0.06	0.098	0.151	0	Purifying
1	20	1.15	0.066	0.115	25.729	0.0099	9.554	0.031	0.057	0.095	0	Purifying
1	21	3.603	0.298	0.414	23.088	0.0099	34.315	0.059	0.083	0.114	0	Purifying
1	22	1.148	0.119	0.255	33.847	0.0099	21.114	0.064	0.104	0.16	0	Purifying
1	23	0.566	0.064	0.171	29.646	0.0099	14.22	0.056	0.114	0.202	0	Purifying
1	24	1.732	0.068	0.214	57.214	0.0099	17.787	0.019	0.039	0.069	0	Purifying
1	25	1.616	0.093	0.23	48.265	0.0099	19.051	0.032	0.058	0.095	0	Purifying
1	26	0.74	0	0.094	76.743	0.0099	7.804	0	0	0.013	0	Purifying
1	27	0.941	0.28	0.36	6.526	0.0099	29.899	0.204	0.298	0.426	0.0106	Purifying
1	28	1.016	0.05	0.173	49.779	0.0099	14.351	0.024	0.05	0.091	0	Purifying
1	29	0.622	0.054	0.136	30.598	0.0099	11.244	0.042	0.087	0.16	0	Purifying
1	30	0.786	0.158	0.233	15.738	0.0099	19.294	0.132	0.201	0.297	0.0001	Purifying
1	31	1.399	0.266	0.382	16.336	0.0099	31.671	0.132	0.19	0.269	0.0001	Purifying
1	32	1.011	0.012	0.164	84.255	0.0099	13.57	0.002	0.012	0.036	0	Purifying
1	33	0.918	0.216	0.293	9.938	0.0099	24.296	0.158	0.235	0.337	0.0016	Purifying
1	34	1.013	0	0.043	55.636	0.0099	3.606	0	0	0.009	0	Purifying
1	35	1.761	0.013	0.088	77.956	0.0099	7.329	0.002	0.008	0.02	0	Purifying
1	36	1.052	0.024	0.145	62.291	0.0099	12.041	0.007	0.023	0.053	0	Purifying
1	37	1.735	0.019	0.082	51.605	0.0099	6.773	0.003	0.011	0.026	0	Purifying
1	38	0.881	0.072	0.205	45.196	0.0099	17.046	0.042	0.081	0.142	0	Purifying
1	39	1.071	0.107	0.195	29.322	0.0099	16.147	0.06	0.1	0.156	0	Purifying
1	40	20.014	0.152	0.267	30.393	0.0099	22.172	0.005	0.008	0.012	0	Purifying
1	41	1.386	0.062	0.121	35.365	0.0099	10.012	0.024	0.044	0.075	0	Purifying
1	42	1.317	0.12	0.192	23.825	0.0099	15.907	0.057	0.091	0.139	0	Purifying
1	43	2.323	0.271	0.368	16.743	0.0099	30.52	0.082	0.117	0.163	0	Purifying
1	44	1.04	0.066	0.214	56.744	0.0099	17.789	0.032	0.063	0.11	0	Purifying
1	45	1.125	0.099	0.239	43.884	0.0099	19.825	0.051	0.088	0.141	0	Purifying
1	46	0.42	0.07	0.152	23.264	0.0099	12.649	0.089	0.167	0.284	0	Purifying
1	47	1.291	0.081	0.242	61.878	0.0099	20.056	0.035	0.063	0.103	0	Purifying
1	48	0.588	0.061	0.175	33.883	0.0099	14.525	0.049	0.103	0.189	0	Purifying
1	49	0.348	0.123	0.155	4.572	0.0792	12.858	0.219	0.354	0.543	0.0325	Neutral
1	50	0.506	0.089	0.156	18.809	0.0099	12.928	0.099	0.175	0.281	0	Purifying
1	51	0.803	0.075	0.213	44.27	0.0099	17.673	0.049	0.093	0.159	0	Purifying
1	52	1.332	0.221	0.361	23.782	0.0099	29.929	0.11	0.166	0.241	0	Purifying
1	53	1.654	0.121	0.216	40.678	0.0099	17.92	0.047	0.073	0.11	0	Purifying
1	54	0.543	0.132	0.205	14.381	0.0099	17.034	0.153	0.243	0.368	0.0001	Purifying
1	55	0.282	0.034	0.076	15.169	0.0099	6.325	0.047	0.119	0.244	0.0001	Purifying
1	56	0.95	0.094	0.234	39.904	0.0099	19.425	0.055	0.099	0.163	0	Purifying
1	57	1.049	0.104	0.26	40.728	0.0099	21.57	0.056	0.099	0.162	0	Purifying
1	58	0.926	0.074	0.154	36.773	0.0099	12.792	0.046	0.08	0.13	0	Purifying
1	59	0.628	0.115	0.193	15.575	0.0099	15.991	0.109	0.183	0.287	0.0001	Purifying
1	60	1.106	0.241	0.273	5.944	0.0396	22.68	0.153	0.218	0.304	0.0148	Purifying
1	61	1.294	0.319	0.417	10.337	0.0099	34.55	0.171	0.247	0.351	0.0013	Purifying
1	62	0.496	0.023	0.095	45.899	0.0099	7.917	0.016	0.045	0.099	0	Purifying
1	63	1.517	0.149	0.236	21.263	0.0099	19.592	0.063	0.098	0.146	0	Purifying
1	64	3854.059	0.784	1.01	3.232	0.198	83.792	0	0	0	0.0722	Neutral
1	65	10000	0.167	0.258	22.541	0.0099	21.404	0	0	0	0	Purifying
1	66	1.222	0.099	0.278	45.2	0.0099	23.09	0.045	0.081	0.133	0	Purifying
1	67	1.363	0.26	0.337	5.705	0.0495	27.961	0.131	0.191	0.271	0.0169	Purifying
1	68	1.466	0.489	0.602	6.137	0.0297	49.946	0.239	0.333	0.467	0.0132	Purifying
1	69	0.474	0.038	0.089	27.403	0.0099	7.397	0.036	0.081	0.15	0	Purifying
1	70	19.882	0.078	0.198	48.742	0.0099	16.442	0.002	0.004	0.006	0	Purifying
1	71	1106.027	0.416	0.589	15.923	0.0198	48.85	0	0	0.001	0.0001	Purifying
1	72	0.532	0.183	0.233	7.114	0.0099	19.305	0.231	0.343	0.493	0.0076	Purifying
1	73	1.652	0.176	0.333	31.574	0.0099	27.645	0.068	0.106	0.16	0	Purifying
1	74	0.746	0.066	0.193	43.29	0.0099	15.999	0.046	0.089	0.155	0	Purifying
1	75	1.825	0.323	0.433	14.777	0.0198	35.957	0.124	0.177	0.249	0.0001	Purifying
1	76	0.507	0.035	0.061	15.784	0.0099	5.071	0.029	0.068	0.133	0.0001	Purifying
1	77	0.889	0.171	0.223	11.532	0.0099	18.512	0.129	0.192	0.277	0.0007	Purifying
1	78	0.416	0.031	0.098	32.323	0.0099	8.147	0.03	0.075	0.153	0	Purifying
1	79	0.491	0.113	0.129	4.484	0.0495	10.73	0.146	0.23	0.344	0.0342	Purifying
1	80	3.741	0.059	0.138	38.017	0.0099	11.471	0.008	0.016	0.028	0	Purifying
1	81	1218.93	0.6	0.897	6.975	0.0594	74.401	0	0	0.001	0.0083	Neutral
1	82	2.351	0.773	1.027	6.789	0.0792	85.153	0.225	0.329	0.49	0.0092	Neutral
1	83	2.217	0.694	0.898	5.048	0.099	74.518	0.209	0.313	0.478	0.0247	Neutral
1	84	1.46	0.129	0.27	31.982	0.0099	22.406	0.054	0.089	0.138	0	Purifying
1	85	1.485	0.37	0.508	11.77	0.0099	42.124	0.174	0.249	0.355	0.0006	Purifying
1	86	2.461	0.518	0.672	9.001	0.0297	55.756	0.147	0.21	0.299	0.0027	Purifying
1	87	1.284	0.155	0.268	28.345	0.0099	22.194	0.077	0.121	0.181	0	Purifying
1	88	36.529	0.096	0.202	51.979	0.0099	16.741	0.002	0.003	0.004	0	Purifying
1	89	0.934	0.196	0.312	19.093	0.0099	25.9	0.136	0.21	0.311	0	Purifying
1	90	986.36	0.519	0.705	13.163	0.0099	58.447	0	0.001	0.001	0.0003	Purifying
1	91	1.18	0.106	0.229	34.329	0.0099	19.03	0.052	0.09	0.144	0	Purifying
1	92	0.612	0	0.1	80.725	0.0099	8.309	0	0	0.016	0	Purifying
1	93	1.291	0.05	0.211	62.591	0.0099	17.464	0.018	0.039	0.074	0	Purifying
1	94	1.045	0.38	0.462	5.524	0.0495	38.346	0.257	0.364	0.51	0.0188	Purifying
1	95	1.042	0.211	0.284	12.255	0.0099	23.55	0.138	0.203	0.29	0.0005	Purifying
1	96	4.429	0.152	0.253	33.047	0.0099	20.969	0.023	0.034	0.05	0	Purifying
1	97	0.529	0.055	0.138	29.98	0.0099	11.449	0.051	0.103	0.184	0	Purifying
1	98	2.14	0.087	0.185	42.866	0.0099	15.306	0.024	0.041	0.065	0	Purifying
1	99	0.803	0.263	0.313	6.134	0.0495	25.978	0.232	0.327	0.454	0.0133	Purifying
1	100	0.745	0.39	0.443	2.193	0.1881	36.72	0.364	0.523	0.741	0.1386	Neutral
1	101	0.948	0.131	0.184	15.393	0.0099	15.226	0.087	0.138	0.208	0.0001	Purifying
1	102	1.387	0.227	0.316	15.599	0.0099	26.245	0.113	0.164	0.232	0.0001	Purifying
1	103	9.095	0.364	0.452	6.902	0.0396	37.508	0.028	0.04	0.059	0.0086	Purifying
1	104	0.694	0.124	0.222	18.533	0.0099	18.455	0.106	0.179	0.283	0	Purifying
1	105	13.408	0.332	0.534	28.246	0.0099	44.269	0.017	0.025	0.035	0	Purifying
1	106	0.818	0.176	0.275	15.569	0.0099	22.812	0.137	0.215	0.324	0.0001	Purifying
1	107	2.796	0.347	0.449	11.338	0.0099	37.281	0.088	0.124	0.173	0.0008	Purifying
1	108	10000	0.074	0.126	27.692	0.0099	10.452	0	0	0	0	Purifying
1	109	0.57	0.119	0.183	13.378	0.0099	15.206	0.127	0.209	0.324	0.0003	Purifying
1	110	1.492	0.13	0.239	24.997	0.0099	19.851	0.054	0.087	0.135	0	Purifying
1	111	1.484	0.317	0.437	14.566	0.0099	36.222	0.15	0.214	0.299	0.0001	Purifying
1	112	1.406	0.174	0.304	25.556	0.0099	25.199	0.079	0.124	0.186	0	Purifying
1	113	0.824	0.065	0.207	51.667	0.0099	17.208	0.041	0.079	0.137	0	Purifying
1	114	0.813	0.153	0.248	16.215	0.0099	20.535	0.118	0.188	0.284	0.0001	Purifying
1	115	0.542	0.07	0.139	25.024	0.0099	11.527	0.071	0.129	0.216	0	Purifying
1	116	0.68	0.1	0.207	29.358	0.0099	17.157	0.085	0.147	0.233	0	Purifying
1	117	0.987	0.011	0.123	75.01	0.0099	10.227	0.002	0.011	0.034	0	Purifying
1	118	23.845	0.09	0.213	39.109	0.0099	17.655	0.002	0.004	0.006	0	Purifying
1	119	1.234	0.009	0.093	77.343	0.0099	7.7	0.001	0.008	0.024	0	Purifying
1	120	1.353	0.082	0.196	40.586	0.0099	16.23	0.033	0.061	0.103	0	Purifying
1	121	1.561	0.009	0.073	67.246	0.0099	6.057	0.001	0.006	0.018	0	Purifying
1	122	9.477	0.088	0.122	16.518	0.0099	10.154	0.005	0.009	0.015	0	Purifying
1	123	1.016	0.066	0.144	35.806	0.0099	11.957	0.034	0.064	0.11	0	Purifying
1	124	1.307	0.162	0.281	29.391	0.0099	23.341	0.08	0.124	0.184	0	Purifying
1	125	0.419	0.013	0.087	48.834	0.0099	7.228	0.008	0.032	0.084	0	Purifying
1	126	0.659	0.099	0.19	23.082	0.0099	15.744	0.085	0.151	0.243	0	Purifying
1	127	0.488	0.13	0.2	11.993	0.0198	16.557	0.163	0.267	0.413	0.0005	Purifying
1	128	1.979	0.14	0.227	24.61	0.0099	18.865	0.046	0.071	0.104	0	Purifying
1	129	0.706	0.088	0.196	25.198	0.0099	16.254	0.068	0.125	0.21	0	Purifying
1	130	1.491	0.163	0.238	20.565	0.0099	19.733	0.072	0.109	0.16	0	Purifying
1	131	1.231	0.078	0.232	53.396	0.0099	19.208	0.034	0.063	0.107	0	Purifying
1	132	0.867	0.158	0.292	22.973	0.0099	24.247	0.114	0.182	0.277	0	Purifying
1	133	1.052	0.039	0.093	36.701	0.0099	7.724	0.017	0.037	0.069	0	Purifying
1	134	1.063	0.094	0.193	38.532	0.0099	16.016	0.052	0.089	0.141	0	Purifying
1	135	0.427	0.05	0.104	18.849	0.0099	8.59	0.056	0.118	0.215	0	Purifying
1	136	10000	0.078	0.135	28.079	0.0099	11.224	0	0	0	0	Purifying
1	137	3444.966	0.014	0.071	59.082	0.0099	5.905	0	0	0	0	Purifying
1	138	0.609	0.045	0.15	37.772	0.0099	12.407	0.031	0.073	0.144	0	Purifying
1	139	0.854	0.116	0.209	26.129	0.0099	17.331	0.081	0.136	0.212	0	Purifying
1	140	2.15	0.196	0.314	29.142	0.0099	26.025	0.061	0.091	0.132	0	Purifying
1	141	0.401	0.106	0.15	8.539	0.0099	12.418	0.156	0.264	0.417	0.0035	Purifying
1	142	1.055	0.137	0.222	23.379	0.0099	18.423	0.081	0.129	0.196	0	Purifying
1	143	0.826	0.069	0.202	37.549	0.0099	16.717	0.042	0.084	0.15	0	Purifying
1	144	0.485	0.142	0.218	10.328	0.0099	18.084	0.175	0.293	0.458	0.0013	Purifying
1	145	1.081	0.049	0.097	24.543	0.0099	8.006	0.022	0.045	0.082	0	Purifying
1	146	0.323	0.03	0.092	22.86	0.0099	7.629	0.033	0.092	0.202	0	Purifying
1	147	1.705	0.047	0.101	41.088	0.0099	8.379	0.014	0.028	0.049	0	Purifying
1	148	0.875	0.225	0.301	9.635	0.0099	25.01	0.176	0.257	0.368	0.0019	Purifying
1	149	1.203	0.462	0.588	4.758	0.0396	48.768	0.269	0.384	0.545	0.0292	Purifying
1	150	0.89	0.201	0.301	16.83	0.0099	24.996	0.152	0.226	0.328	0	Purifying
1	151	10000	0.176	0.312	33.245	0.0099	25.851	0	0	0	0	Purifying
1	152	1.671	0.33	0.404	8.661	0.0198	33.539	0.14	0.197	0.273	0.0033	Purifying
1	153	2.947	0.114	0.233	40.437	0.0099	19.324	0.023	0.039	0.06	0	Purifying
1	154	0.785	0.074	0.193	31.653	0.0099	16.036	0.049	0.095	0.164	0	Purifying
1	155	0.296	0.514	0.455	1.495	0.3663	37.769	1.218	1.737	2.473	0.2214	Neutral
1	156	0.491	0.02	0.131	41.1	0.0099	10.827	0.01	0.04	0.105	0	Purifying
1	157	0.4	0.03	0.08	21.03	0.0099	6.633	0.027	0.075	0.16	0	Purifying