partition	codon	alpha	beta	alpha=beta	LRT	p-value	Total_branch_length	dN/dS_LB	dN/dS_MLE	dN/dS_UB	p-asmp	class
1	1	1.024	0.056	0.212	302.974	0.0099	183.942	0.041	0.055	0.072	0	Purifying
1	2	0.75	0.126	0.251	135.423	0.0099	218.319	0.135	0.168	0.205	0	Purifying
1	3	0.893	0.094	0.233	198.616	0.0099	202.533	0.084	0.106	0.132	0	Purifying
1	4	0.519	0.001	0.095	370.316	0.0099	82.655	0	0.002	0.008	0	Purifying
1	5	0.905	0.264	0.376	55.17	0.0099	326.768	0.248	0.291	0.34	0	Purifying
1	6	1.235	0.069	0.251	318.869	0.0099	217.885	0.044	0.056	0.071	0	Purifying
1	7	0.73	0.034	0.118	242.134	0.0099	102.589	0.033	0.047	0.064	0	Purifying
1	8	1.092	0.108	0.179	147.919	0.0099	155.855	0.081	0.099	0.119	0	Purifying
1	9	1.829	0.232	0.377	127.973	0.0099	327.261	0.108	0.127	0.148	0	Purifying
1	10	0.934	0.034	0.192	347.465	0.0099	166.331	0.025	0.037	0.051	0	Purifying
1	11	1.039	0.209	0.329	104.861	0.0099	285.438	0.17	0.201	0.236	0	Purifying
1	12	0.942	0.002	0.067	378.005	0.0099	58.172	0.001	0.002	0.006	0	Purifying
1	13	1.16	0.019	0.105	400.089	0.0099	91.094	0.011	0.017	0.024	0	Purifying
1	14	0.888	0.064	0.208	261.242	0.0099	180.475	0.054	0.072	0.093	0	Purifying
1	15	0.64	0.036	0.161	253.802	0.0099	139.433	0.039	0.057	0.079	0	Purifying
1	16	0.733	0.107	0.216	165.544	0.0099	187.872	0.118	0.146	0.178	0	Purifying
1	17	0.982	0.114	0.239	188.413	0.0099	207.68	0.095	0.116	0.141	0	Purifying
1	18	0.938	0.172	0.312	139.214	0.0099	270.63	0.152	0.183	0.219	0	Purifying
1	19	0.961	0.046	0.145	279.224	0.0099	125.509	0.036	0.048	0.063	0	Purifying
1	20	0.683	0.199	0.308	71.532	0.0099	267.784	0.243	0.292	0.349	0	Purifying
1	21	0.897	0.161	0.233	88.133	0.0099	202.293	0.151	0.179	0.211	0	Purifying
1	22	0.943	0.156	0.282	138.397	0.0099	244.749	0.138	0.166	0.197	0	Purifying
1	23	0.889	0.086	0.136	105.726	0.0099	117.956	0.079	0.097	0.118	0	Purifying
1	24	1.051	0.206	0.338	107.897	0.0099	293.187	0.166	0.196	0.23	0	Purifying
1	25	0.903	0.294	0.414	58.305	0.0099	359.848	0.277	0.326	0.381	0	Purifying
1	26	1.222	0.096	0.172	190.194	0.0099	148.957	0.064	0.079	0.095	0	Purifying
1	27	0.825	0.204	0.289	71.972	0.0099	250.968	0.21	0.248	0.29	0	Purifying
1	28	1.065	0.276	0.395	65.405	0.0099	342.756	0.223	0.259	0.301	0	Purifying
1	29	0.786	0.113	0.238	172.365	0.0099	206.583	0.116	0.144	0.176	0	Purifying
1	30	1.513	0.172	0.322	170.424	0.0099	279.659	0.095	0.114	0.134	0	Purifying
1	31	1.168	0.34	0.434	48.592	0.0099	376.686	0.252	0.292	0.336	0	Purifying
1	32	1.603	0.193	0.326	154.208	0.0099	283.253	0.102	0.121	0.142	0	Purifying
1	33	1.374	0.098	0.261	272.033	0.0099	226.752	0.056	0.071	0.089	0	Purifying
1	34	1.088	0.531	0.624	17.126	0.0099	542.253	0.421	0.488	0.565	0	Purifying
1	35	0.776	0.147	0.257	111.539	0.0099	222.78	0.158	0.19	0.227	0	Purifying
1	36	1.817	0.087	0.185	268.504	0.0099	161.015	0.039	0.048	0.059	0	Purifying
1	37	0.813	0.134	0.257	138.007	0.0099	223.192	0.134	0.164	0.2	0	Purifying
1	38	1.288	0.175	0.259	124.265	0.0099	224.974	0.115	0.136	0.159	0	Purifying
1	39	1.016	0.088	0.177	189.902	0.0099	154.068	0.07	0.087	0.107	0	Purifying
1	40	0.532	0.099	0.187	112.158	0.0099	162.565	0.149	0.186	0.23	0	Purifying
1	41	1.165	0.165	0.281	144.282	0.0099	243.803	0.119	0.142	0.168	0	Purifying
1	42	0.756	0.19	0.309	90.025	0.0099	268.319	0.21	0.252	0.3	0	Purifying
1	43	0.959	0.187	0.301	85.527	0.0099	261.397	0.163	0.195	0.231	0	Purifying
1	44	0.884	0.174	0.297	102.311	0.0099	258.091	0.163	0.197	0.236	0	Purifying
1	45	0.88	0.091	0.157	154.297	0.0099	136.377	0.084	0.103	0.125	0	Purifying
1	46	0.757	0.177	0.286	98.179	0.0099	248.017	0.195	0.234	0.278	0	Purifying
1	47	0.798	0.075	0.215	218.352	0.0099	186.523	0.073	0.094	0.121	0	Purifying
1	48	0.638	0.136	0.204	86.024	0.0099	177.338	0.177	0.212	0.253	0	Purifying
1	49	0.676	0.148	0.243	101.084	0.0099	210.609	0.182	0.22	0.262	0	Purifying
1	50	0.902	0.11	0.267	195.644	0.0099	231.761	0.098	0.122	0.151	0	Purifying
1	51	0.869	0.174	0.294	102.756	0.0099	255.232	0.167	0.2	0.239	0	Purifying
1	52	0.917	0.352	0.437	32.164	0.0099	379.59	0.331	0.384	0.444	0	Purifying
1	53	1.086	0.194	0.289	98.14	0.0099	250.619	0.152	0.179	0.21	0	Purifying
1	54	1.079	0.269	0.385	68.112	0.0099	334.122	0.212	0.249	0.292	0	Purifying
1	55	0.797	0.343	0.412	23.103	0.0099	357.618	0.37	0.43	0.5	0	Purifying
1	56	1.35	0.225	0.324	98.762	0.0099	281.035	0.142	0.166	0.194	0	Purifying
1	57	1.491	0.186	0.277	105.013	0.0099	240.553	0.106	0.125	0.147	0	Purifying
1	58	0.781	0.072	0.22	221.804	0.0099	190.915	0.071	0.092	0.118	0	Purifying
1	59	0.862	0.18	0.247	74.751	0.0099	214.237	0.177	0.208	0.244	0	Purifying
1	60	1.619	0.175	0.311	171.025	0.0099	270.412	0.091	0.108	0.128	0	Purifying
1	61	0.749	0.083	0.21	197.46	0.0099	182.077	0.087	0.11	0.138	0	Purifying
1	62	1.352	0.207	0.38	162.795	0.0099	329.602	0.128	0.153	0.181	0	Purifying
1	63	0.855	0.218	0.344	85.729	0.0099	298.99	0.214	0.255	0.302	0	Purifying
1	64	0.957	0.099	0.173	153.584	0.0099	149.96	0.084	0.103	0.125	0	Purifying
1	65	1.011	0.16	0.352	151.344	0.0099	305.752	0.129	0.158	0.192	0	Purifying
1	66	0.968	0.277	0.424	73.219	0.0099	368.46	0.241	0.286	0.339	0	Purifying
1	67	1.149	0.584	0.652	9.623	0.0198	566.012	0.441	0.508	0.587	0.0019	Purifying
1	68	1.384	0.369	0.49	53.465	0.0099	425.493	0.23	0.267	0.309	0	Purifying
1	69	0.862	0.066	0.198	253.823	0.0099	171.901	0.058	0.076	0.097	0	Purifying
1	70	2.219	0.378	0.51	71.09	0.0099	442.887	0.148	0.17	0.196	0	Purifying
1	71	0.758	0.055	0.104	142.986	0.0099	90.314	0.056	0.073	0.093	0	Purifying
1	72	0.745	0.109	0.166	108.539	0.0099	144.352	0.121	0.146	0.176	0	Purifying
1	73	1.584	0.825	0.985	11.646	0.1485	855.501	0.441	0.521	0.621	0.0006	Neutral
1	74	1.091	0.879	0.935	1.471	0.6337	811.551	0.682	0.805	0.959	0.2252	Neutral
1	75	0.923	0.906	0.911	0.011	0.9109	790.93	0.833	0.981	1.165	0.9154	Neutral
1	76	2.122	0.842	1.04	13.8	0.2376	903.163	0.333	0.397	0.478	0.0002	Neutral
1	77	1.193	1.028	1.062	0.517	0.9208	922.601	0.734	0.861	1.019	0.4719	Neutral
1	78	1.272	1.34	1.32	0.063	1	1145.797	0.871	1.053	1.298	0.8018	Neutral
1	79	1.122	1.093	1.103	0.022	0.9604	957.647	0.812	0.975	1.191	0.8832	Neutral
1	80	1.285	1.497	1.433	0.415	0.9802	1244.761	0.942	1.165	1.495	0.5193	Neutral
1	81	1.091	1.139	1.125	0.049	0.9505	976.861	0.868	1.044	1.277	0.8257	Neutral
1	82	1.733	1.063	1.192	4.07	0.7525	1034.678	0.514	0.614	0.742	0.0437	Neutral
1	83	1.317	0.649	0.778	16.982	0.0297	675.973	0.423	0.493	0.576	0	Purifying
1	84	1.598	1.145	1.247	2.27	0.9109	1082.562	0.595	0.716	0.876	0.1319	Neutral
1	85	0.934	1.263	1.152	2.412	0.7525	1000.74	1.119	1.352	1.664	0.1204	Neutral
1	86	1.194	1.161	1.172	0.019	0.9901	1017.338	0.8	0.973	1.207	0.8897	Neutral
1	87	1.033	1.405	1.264	1.897	0.9109	1097.539	1.084	1.359	1.783	0.1684	Neutral
1	88	1.104	1.056	1.07	0.06	0.9703	929.39	0.797	0.957	1.163	0.8071	Neutral
1	89	1.099	0.879	0.945	1.804	0.6238	820.917	0.673	0.8	0.957	0.1792	Neutral
1	90	0.826	0.225	0.303	47.844	0.0099	262.765	0.23	0.272	0.32	0	Purifying
1	91	1.152	0.147	0.223	123.981	0.0099	193.722	0.107	0.128	0.151	0	Purifying
1	92	1.536	0.731	0.881	12.605	0.0792	764.786	0.402	0.476	0.566	0.0004	Neutral
1	93	0.97	0.182	0.333	132.074	0.0099	289.378	0.155	0.188	0.225	0	Purifying
1	94	1.086	0.133	0.254	143.57	0.0099	220.752	0.101	0.123	0.148	0	Purifying
1	95	0.82	0.597	0.636	2.739	0.2376	552.242	0.629	0.728	0.844	0.0979	Neutral
1	96	1.147	0.634	0.733	9.604	0.0495	636.726	0.474	0.552	0.647	0.0019	Purifying
1	97	1.089	0.213	0.36	108.599	0.0099	312.435	0.161	0.195	0.235	0	Purifying
1	98	0.865	0.279	0.365	47.248	0.0099	317.139	0.277	0.323	0.376	0	Purifying
1	99	0.969	0.539	0.625	12.05	0.0099	542.541	0.479	0.556	0.647	0.0005	Purifying
1	100	1.26	0.416	0.546	43.047	0.0099	473.714	0.284	0.33	0.382	0	Purifying
1	101	0.901	0.102	0.243	216.522	0.0099	211.121	0.091	0.113	0.139	0	Purifying
1	102	0.982	0.176	0.33	137.658	0.0099	286.824	0.148	0.179	0.215	0	Purifying
1	103	2.911	0.431	0.569	55.298	0.0099	494.445	0.128	0.148	0.171	0	Purifying
1	104	1.395	0.14	0.287	196.637	0.0099	249.32	0.083	0.1	0.12	0	Purifying
1	105	0.418	0.005	0.087	286.078	0.0099	75.518	0.004	0.011	0.026	0	Purifying
1	106	0.903	0.09	0.237	208.457	0.0099	206.227	0.078	0.1	0.126	0	Purifying
1	107	1.335	0.446	0.58	42.551	0.0099	504.064	0.288	0.334	0.387	0	Purifying
1	108	0.794	0.164	0.228	75.191	0.0099	197.982	0.175	0.206	0.242	0	Purifying
1	109	1.168	0.118	0.186	137.87	0.0099	161.202	0.084	0.101	0.121	0	Purifying
1	110	0.823	0.084	0.224	228.356	0.0099	194.65	0.08	0.102	0.127	0	Purifying
1	111	1.562	0.097	0.234	239.164	0.0099	203.345	0.05	0.062	0.077	0	Purifying
1	112	2.114	0.208	0.324	148.689	0.0099	281.393	0.084	0.098	0.115	0	Purifying
1	113	1.105	0.325	0.434	52.778	0.0099	376.718	0.252	0.294	0.342	0	Purifying
1	114	0.949	0.186	0.3	120.065	0.0099	260.808	0.167	0.196	0.232	0	Purifying
1	115	1.114	0.305	0.412	58.913	0.0099	357.472	0.234	0.274	0.319	0	Purifying
1	116	0.921	0.45	0.53	16.306	0.0099	460.05	0.421	0.489	0.567	0.0001	Purifying
1	117	1.076	0.099	0.164	142.505	0.0099	142.66	0.075	0.092	0.111	0	Purifying
1	118	0.656	0.171	0.278	73.23	0.0099	241.611	0.216	0.26	0.312	0	Purifying
1	119	1.39	0.523	0.631	25.819	0.0099	548.307	0.325	0.376	0.435	0	Purifying
1	120	1.278	0.249	0.364	91.987	0.0099	316.334	0.166	0.195	0.227	0	Purifying
1	121	0.826	0.228	0.328	64.151	0.0099	284.752	0.233	0.276	0.324	0	Purifying
1	122	0.998	0.589	0.684	11.47	0.0297	594.29	0.506	0.59	0.687	0.0007	Purifying
1	123	1.273	0.112	0.203	175.67	0.0099	176.665	0.072	0.088	0.106	0	Purifying
1	124	0.886	0.085	0.155	146.717	0.0099	134.192	0.077	0.096	0.118	0	Purifying
1	125	0.786	0.169	0.289	93.822	0.0099	250.878	0.178	0.215	0.257	0	Purifying
1	126	0.875	0.326	0.432	44.424	0.0099	374.962	0.32	0.372	0.432	0	Purifying
1	127	0.955	0.251	0.379	78.268	0.0099	329.253	0.222	0.263	0.31	0	Purifying
1	128	1.082	0.086	0.247	260.094	0.0099	214.365	0.063	0.08	0.1	0	Purifying
1	129	1.094	0.167	0.277	127.345	0.0099	240.799	0.129	0.153	0.181	0	Purifying
1	130	1.049	0.177	0.286	108.242	0.0099	248.389	0.141	0.169	0.2	0	Purifying
1	131	0.886	0.155	0.297	148.52	0.0099	257.506	0.145	0.175	0.209	0	Purifying
1	132	0.971	0.046	0.137	247.291	0.0099	119.24	0.035	0.047	0.062	0	Purifying
1	133	1.057	0.192	0.305	96.878	0.0099	264.451	0.153	0.181	0.214	0	Purifying
1	134	1.246	0.02	0.112	382.338	0.0099	96.967	0.01	0.016	0.023	0	Purifying
1	135	0.634	0.123	0.239	111.262	0.0099	207.237	0.157	0.195	0.24	0	Purifying
1	136	1.21	0.01	0.084	400.666	0.0099	73.166	0.004	0.008	0.014	0	Purifying
1	137	1.805	0.117	0.181	153.121	0.0099	157.257	0.054	0.065	0.077	0	Purifying
1	138	1.158	0.091	0.236	255.785	0.0099	205.056	0.062	0.079	0.098	0	Purifying
1	139	0.666	0.012	0.144	333.62	0.0099	124.713	0.009	0.018	0.031	0	Purifying
1	140	0.901	0.044	0.171	310.727	0.0099	148.163	0.036	0.049	0.064	0	Purifying