partition	codon	alpha	beta	alpha=beta	LRT	p-value	Total_branch_length	dN/dS_LB	dN/dS_MLE	dN/dS_UB	p-asmp	class
1	1	0.68	0.258	0.397	9.422	0.0198	19.689	0.242	0.379	0.566	0.0021	Purifying
1	2	0.681	0.079	0.271	39.873	0.0099	12.236	0.058	0.117	0.209	0	Purifying
1	3	1.206	0.171	0.314	27.748	0.0099	14.4	0.09	0.142	0.212	0	Purifying
1	4	1.286	0.125	0.314	44.856	0.0099	15.756	0.056	0.097	0.156	0	Purifying
1	5	0.828	0.222	0.405	19.354	0.0099	18.323	0.169	0.268	0.406	0	Purifying
1	6	0.526	0.192	0.251	5.107	0.0396	12.793	0.229	0.366	0.552	0.0238	Purifying
1	7	0.877	0.156	0.287	22.074	0.0099	14.735	0.109	0.178	0.276	0	Purifying
1	8	0.996	0.276	0.376	9.373	0.0198	18.596	0.188	0.277	0.399	0.0022	Purifying
1	9	1.258	0.076	0.342	61.777	0.0099	15.232	0.03	0.06	0.107	0	Purifying
1	10	1.261	0.385	0.566	14.487	0.0198	26.731	0.212	0.305	0.428	0.0001	Purifying
1	11	1.529	0.417	0.635	13.345	0.0297	28.531	0.185	0.273	0.393	0.0003	Purifying
1	12	0.702	0.162	0.311	16.147	0.0099	17.181	0.131	0.231	0.378	0.0001	Purifying
1	13	0.835	0.275	0.411	11.25	0.0099	21.231	0.215	0.329	0.485	0.0008	Purifying
1	14	2.075	0.457	0.778	17.526	0.0099	39.782	0.145	0.22	0.328	0	Purifying
1	15	1.301	0.497	0.729	10.874	0.0099	37.282	0.264	0.382	0.543	0.001	Purifying
1	16	0.823	0.166	0.34	21.505	0.0099	15.566	0.121	0.202	0.316	0	Purifying
1	17	1.353	0.531	0.793	9.001	0.0099	39.333	0.261	0.392	0.577	0.0027	Purifying
1	18	2.414	0.171	0.369	46.103	0.0099	16.731	0.045	0.071	0.107	0	Purifying
1	19	0.9	0.235	0.427	18.644	0.0099	20.659	0.164	0.261	0.396	0	Purifying
1	20	1.312	0.064	0.234	57.316	0.0099	13.013	0.022	0.048	0.089	0	Purifying
1	21	1.097	0.074	0.206	46.155	0.0099	10.025	0.034	0.067	0.118	0	Purifying
1	22	2.299	0.024	0.268	125.65	0.0099	11.625	0.003	0.01	0.024	0	Purifying
1	23	1.459	0.033	0.349	102.83	0.0099	14.646	0.008	0.022	0.05	0	Purifying
1	24	0.769	0.034	0.218	65.518	0.0099	10.005	0.016	0.044	0.096	0	Purifying
1	25	1.185	0.04	0.303	76.758	0.0099	13.126	0.012	0.034	0.074	0	Purifying
1	26	0.489	0	0.132	69.219	0.0099	5.56	0	0	0.025	0	Purifying
1	27	0.954	0.196	0.359	21.045	0.0099	17.507	0.124	0.205	0.319	0	Purifying
1	28	1.338	0.096	0.297	57.277	0.0099	14.78	0.04	0.072	0.119	0	Purifying
1	29	0.667	0.045	0.184	46.778	0.0099	7.712	0.028	0.068	0.135	0	Purifying
1	30	0.507	0.037	0.105	29.105	0.0099	4.422	0.03	0.073	0.145	0	Purifying
1	31	1.286	0.073	0.258	52.915	0.0099	13.178	0.028	0.056	0.101	0	Purifying
1	32	0.44	0.021	0.15	44.458	0.0099	6.469	0.012	0.047	0.122	0	Purifying
1	33	0.561	0.096	0.236	24.776	0.0099	11.56	0.089	0.172	0.296	0	Purifying
1	34	0.828	0	0.09	74.187	0.0099	3.766	0	0	0.013	0	Purifying
1	35	0.747	0	0.083	50.883	0.0099	3.89	0	0	0.041	0	Purifying
1	36	0.524	0.042	0.197	43.874	0.0099	8.458	0.032	0.081	0.166	0	Purifying
1	37	0.74	0.025	0.171	62.319	0.0099	7.457	0.011	0.034	0.08	0	Purifying
1	38	0.775	0.16	0.322	25.499	0.0099	14.273	0.126	0.206	0.32	0	Purifying
1	39	0.931	0.066	0.179	39.045	0.0099	8.267	0.035	0.071	0.127	0	Purifying
1	40	1.783	0.116	0.374	49.524	0.0099	22.336	0.035	0.065	0.11	0	Purifying
1	41	0.569	0.049	0.12	26.574	0.0099	5.567	0.038	0.086	0.163	0	Purifying
1	42	0.775	0.099	0.242	37.386	0.0099	11.207	0.072	0.128	0.208	0	Purifying
1	43	1.079	0.105	0.206	32.317	0.0099	12.559	0.056	0.097	0.157	0	Purifying
1	44	0.767	0.041	0.221	62.992	0.0099	9.304	0.021	0.053	0.108	0	Purifying
1	45	0.787	0.05	0.244	53.529	0.0099	11.149	0.027	0.063	0.125	0	Purifying
1	46	0.386	0.068	0.159	21.315	0.0099	6.855	0.086	0.175	0.312	0	Purifying
1	47	1.336	0.12	0.368	54.624	0.0099	16.833	0.052	0.09	0.145	0	Purifying
1	48	1.709	0.174	0.431	48.697	0.0099	19.572	0.061	0.102	0.159	0	Purifying
1	49	1.327	0.177	0.409	35.537	0.0099	20.584	0.082	0.134	0.207	0	Purifying
1	50	0.422	0.07	0.173	22.66	0.0099	7.468	0.081	0.166	0.297	0	Purifying
1	51	1.079	0.067	0.284	62.009	0.0099	12.718	0.029	0.062	0.114	0	Purifying
1	52	0.969	0.15	0.376	27.131	0.0099	18.642	0.086	0.155	0.258	0	Purifying
1	53	1.06	0.243	0.422	18.913	0.0099	20.149	0.146	0.229	0.345	0	Purifying
1	54	2.645	0.103	0.325	62.937	0.0099	15.231	0.021	0.039	0.066	0	Purifying
1	55	0.782	0.073	0.277	43.23	0.0099	11.622	0.046	0.093	0.166	0	Purifying
1	56	0.743	0.204	0.375	19.015	0.0099	16.241	0.174	0.275	0.417	0	Purifying
1	57	0.739	0.081	0.264	38.617	0.0099	14.676	0.052	0.109	0.198	0	Purifying
1	58	0.918	0.033	0.153	59.277	0.0099	6.612	0.014	0.036	0.075	0	Purifying
1	59	1.216	0.064	0.239	60.034	0.0099	11.022	0.026	0.052	0.094	0	Purifying
1	60	0.545	0.191	0.24	6.245	0.0396	10.385	0.231	0.35	0.512	0.0125	Purifying
1	61	2.205	0.55	0.738	8.901	0.0297	35.669	0.171	0.249	0.357	0.0028	Purifying
1	62	1.668	0.011	0.141	90.551	0.0099	5.937	0.001	0.007	0.021	0	Purifying
1	63	2.197	0.229	0.516	48.12	0.0099	23.848	0.067	0.104	0.156	0	Purifying
1	64	2.864	0.5	0.724	15.782	0.0099	33.508	0.12	0.175	0.248	0.0001	Purifying
1	65	1.293	0.144	0.312	37.083	0.0099	16.48	0.066	0.111	0.174	0	Purifying
1	66	1.865	0.05	0.353	102.08	0.0099	15.427	0.011	0.027	0.053	0	Purifying
1	67	1.118	0.306	0.575	16.015	0.0099	30.234	0.173	0.274	0.419	0.0001	Purifying
1	68	1.506	0.399	0.667	16.645	0.0099	31.587	0.178	0.265	0.386	0	Purifying
1	69	2.487	0.046	0.213	89.617	0.0099	9.127	0.008	0.019	0.036	0	Purifying
1	70	1.112	0.067	0.226	60.09	0.0099	10.033	0.03	0.06	0.106	0	Purifying
1	71	1.331	0.24	0.424	23.883	0.0099	19.757	0.117	0.18	0.267	0	Purifying
1	72	0.923	0.137	0.332	36.368	0.0099	14.382	0.089	0.149	0.232	0	Purifying
1	73	2.298	0.342	0.688	33.653	0.0099	31.707	0.098	0.149	0.219	0	Purifying
1	74	0.897	0.065	0.274	54.041	0.0099	11.94	0.034	0.073	0.136	0	Purifying
1	75	1.258	0.233	0.38	22.844	0.0099	18.209	0.122	0.185	0.27	0	Purifying
1	76	1.201	0.02	0.144	87.403	0.0099	6.3	0.005	0.017	0.039	0	Purifying
1	77	1.188	0.021	0.181	74.08	0.0099	8.201	0.003	0.017	0.047	0	Purifying
1	78	1.041	0.086	0.256	41.463	0.0099	12.322	0.042	0.082	0.145	0	Purifying
1	79	2.563	0.281	0.498	32.933	0.0099	22.687	0.073	0.109	0.16	0	Purifying
1	80	2.329	0.121	0.466	90.942	0.0099	20.086	0.03	0.052	0.083	0	Purifying
1	81	2.004	0.72	1.025	9.491	0.0198	44.921	0.248	0.359	0.517	0.0021	Purifying
1	82	4.322	1.518	1.851	4.353	0.2673	79.594	0.246	0.351	0.512	0.0369	Neutral
1	83	6.801	0.86	1.551	15.808	0.0198	70.196	0.085	0.127	0.192	0.0001	Purifying
1	84	3.235	0.115	0.375	82.04	0.0099	16.852	0.021	0.035	0.057	0	Purifying
1	85	9.47	0.311	0.599	43.608	0.0099	30.041	0.022	0.033	0.048	0	Purifying
1	86	7.134	0.823	1.246	21.084	0.0099	54.437	0.082	0.115	0.163	0	Purifying
1	87	1.807	0.154	0.476	53.819	0.0099	20.839	0.051	0.085	0.135	0	Purifying
1	88	2.185	0.128	0.363	64.715	0.0099	17.813	0.035	0.059	0.092	0	Purifying
1	89	1.085	0.12	0.36	42.29	0.0099	16.584	0.061	0.111	0.185	0	Purifying
1	90	1.297	0.292	0.495	17.911	0.0099	28.741	0.146	0.225	0.338	0	Purifying
1	91	1.106	0.047	0.294	81.259	0.0099	12.341	0.018	0.042	0.082	0	Purifying
1	92	0.162	0	0.054	27.323	0.0099	2.287	0	0	0.076	0	Purifying
1	93	1.047	0.043	0.248	69.882	0.0099	10.408	0.016	0.041	0.083	0	Purifying
1	94	1.424	0.251	0.517	29.721	0.0099	25.802	0.11	0.176	0.268	0	Purifying
1	95	0.479	0.046	0.106	21.867	0.0099	4.905	0.042	0.096	0.184	0	Purifying
1	96	0.364	0.034	0.09	21.397	0.0099	3.77	0.037	0.094	0.193	0	Purifying
1	97	0.915	0.055	0.238	51.912	0.0099	10.008	0.027	0.06	0.112	0	Purifying
1	98	1.224	0.06	0.3	73.482	0.0099	13.44	0.023	0.049	0.091	0	Purifying
1	99	0.887	0.046	0.135	41.217	0.0099	6.898	0.023	0.052	0.1	0	Purifying
1	100	1.65	0.16	0.35	41.29	0.0099	16.681	0.059	0.097	0.15	0	Purifying
1	101	0.952	0.083	0.32	51.577	0.0099	14.393	0.044	0.088	0.156	0	Purifying
1	102	1.111	0.115	0.314	44.573	0.0099	15.406	0.058	0.103	0.17	0	Purifying
1	103	1.113	0.283	0.468	15.409	0.0099	24.266	0.166	0.254	0.378	0.0001	Purifying
1	104	0.908	0.085	0.339	49.117	0.0099	15.45	0.047	0.093	0.165	0	Purifying
1	105	0.877	0.072	0.224	43.548	0.0099	11.345	0.04	0.082	0.146	0	Purifying
1	106	1.076	0.229	0.439	23.437	0.0099	21.074	0.132	0.213	0.324	0	Purifying
1	107	0.8	0.379	0.517	6.63	0.0495	24.619	0.322	0.474	0.678	0.01	Purifying
1	108	0.891	0.026	0.135	51.749	0.0099	6.986	0.009	0.029	0.068	0	Purifying
1	109	0.788	0.046	0.15	47.453	0.0099	6.308	0.026	0.058	0.109	0	Purifying
1	110	0.657	0.105	0.253	26.001	0.0099	13.278	0.085	0.159	0.269	0	Purifying
1	111	0.845	0.118	0.287	29.904	0.0099	16.989	0.077	0.139	0.232	0	Purifying
1	112	0.738	0.156	0.329	22.028	0.0099	17.021	0.123	0.211	0.339	0	Purifying
1	113	0.688	0.03	0.231	57.454	0.0099	10.252	0.013	0.043	0.102	0	Purifying
1	114	1.782	0.029	0.214	81.257	0.0099	11.817	0.005	0.016	0.038	0	Purifying
1	115	0.785	0.193	0.349	21.233	0.0099	15.469	0.157	0.246	0.369	0	Purifying
1	116	0.801	0.122	0.294	30.039	0.0099	13.99	0.087	0.152	0.245	0	Purifying
1	117	0.74	0.027	0.178	61.651	0.0099	7.714	0.012	0.037	0.085	0	Purifying
1	118	0.491	0.062	0.151	27.161	0.0099	9.074	0.058	0.126	0.233	0	Purifying
1	119	0.843	0.011	0.098	57.903	0.0099	4.104	0.002	0.013	0.041	0	Purifying
1	120	0.655	0.097	0.307	28.827	0.0099	14.568	0.071	0.148	0.269	0	Purifying
1	121	0.66	0	0.072	59.526	0.0099	3.019	0	0	0.016	0	Purifying
1	122	1.001	0.023	0.055	27.752	0.0099	3.62	0.007	0.023	0.052	0	Purifying
1	123	0.819	0.007	0.227	82.854	0.0099	9.535	0	0.008	0.038	0	Purifying
1	124	0.925	0.55	0.675	2.31	0.2178	32.451	0.398	0.594	0.872	0.1285	Neutral
1	125	0.88	0.035	0.13	46.11	0.0099	5.572	0.016	0.04	0.082	0	Purifying
1	126	0.72	0.021	0.068	32	0.0099	3.933	0.009	0.03	0.069	0	Purifying
1	127	0.654	0.053	0.19	35.482	0.0099	10.057	0.034	0.081	0.161	0	Purifying
1	128	4.198	0.286	0.548	44.316	0.0099	26.072	0.045	0.068	0.1	0	Purifying
1	129	0.358	0.045	0.105	17.061	0.0099	6.318	0.051	0.125	0.251	0	Purifying
1	130	0.755	0.156	0.309	26.152	0.0099	14.246	0.127	0.206	0.317	0	Purifying
1	131	1.34	0.057	0.187	50.309	0.0099	10.311	0.019	0.043	0.081	0	Purifying
1	132	2.387	0.087	0.303	72.382	0.0099	13.709	0.02	0.037	0.062	0	Purifying
1	133	1.665	0.169	0.314	35.193	0.0099	14.247	0.065	0.101	0.152	0	Purifying
1	134	1.061	0.03	0.235	81.121	0.0099	10.354	0.009	0.028	0.064	0	Purifying
1	135	0.592	0.021	0.197	54.667	0.0099	8.746	0.009	0.035	0.092	0	Purifying
1	136	2.095	0.238	0.6	33.638	0.0099	28.311	0.07	0.114	0.178	0	Purifying
1	137	0.273	0.022	0.057	16.45	0.0099	2.407	0.025	0.081	0.189	0	Purifying
1	138	0.757	0.028	0.237	63.16	0.0099	10.649	0.011	0.037	0.088	0	Purifying
1	139	0.842	0.139	0.317	33.697	0.0099	14.304	0.097	0.165	0.26	0	Purifying
1	140	0.698	0.078	0.194	30.259	0.0099	9.83	0.057	0.112	0.197	0	Purifying
1	141	0.935	0.084	0.318	51.984	0.0099	15.68	0.044	0.09	0.16	0	Purifying
1	142	1.013	0.03	0.076	33.557	0.0099	4.191	0.01	0.029	0.062	0	Purifying
1	143	0.864	0.033	0.242	71.337	0.0099	10.184	0.014	0.038	0.083	0	Purifying
1	144	0.883	0.066	0.281	52.921	0.0099	12.948	0.034	0.074	0.139	0	Purifying
1	145	0.428	0.012	0.076	33.152	0.0099	3.778	0.005	0.027	0.085	0	Purifying
1	146	0.902	0.068	0.284	58.047	0.0099	12.321	0.036	0.076	0.138	0	Purifying
1	147	0.87	0.039	0.134	49.738	0.0099	5.638	0.019	0.044	0.087	0	Purifying
1	148	0.444	0.174	0.213	4.132	0.099	10.265	0.249	0.391	0.581	0.0421	Purifying
1	149	1.308	0.256	0.503	26.763	0.0099	26.766	0.125	0.196	0.293	0	Purifying
1	150	1.441	0.074	0.325	66.517	0.0099	15.208	0.025	0.051	0.093	0	Purifying
1	151	0.394	0.103	0.146	7.681	0.0099	7.828	0.147	0.261	0.427	0.0056	Purifying
1	152	0.839	0.085	0.274	38.39	0.0099	17.016	0.049	0.101	0.183	0	Purifying
1	153	0.723	0.029	0.222	58.924	0.0099	9.716	0.012	0.04	0.097	0	Purifying
1	154	1.112	0.027	0.29	80.437	0.0099	12.74	0.008	0.025	0.058	0	Purifying
1	155	1.014	0.085	0.305	50.976	0.0099	16.715	0.04	0.084	0.149	0	Purifying
1	156	1.163	0.021	0.31	100.492	0.0099	13.214	0.004	0.018	0.046	0	Purifying
1	157	1.618	0.013	0.342	124.231	0.0099	14.354	0.001	0.008	0.025	0	Purifying