Supplemental results for CODEML (seqf: ../paml.env.phy  treef: ../tree.env_woBL.nwk)


Model 0: one-ratio
I	J	ij	2Ns_IJ	pMut_IJ	pSub_IJ	2Ns_JI	pMut_JI	pSub_JI

TTC	TTT	CT	0.71893	0.00352	0.00494	-0.71893	0.00723	0.00494	0.00494	0.00494
TTA	TTT	AT	2.16643	0.00164	0.00400	-2.16643	0.01428	0.00400	0.00004	0.00004
TTA	TTC	AC	1.44750	0.00457	0.00865	-1.44750	0.01943	0.00865	0.00008	0.00008
TTG	TTT	GT	2.13062	0.00121	0.00292	-2.13062	0.01017	0.00292	0.00003	0.00003
TTG	TTC	GC	1.41169	0.00337	0.00630	-1.41169	0.01384	0.00630	0.00006	0.00006
TTG	TTA	GA	-0.03581	0.00657	0.00645	0.03581	0.00634	0.00645	0.00645	0.00645
TCT	TTT	CT	-0.17203	0.00859	0.00787	0.17203	0.00723	0.00787	0.00007	0.00007
TCC	TTC	CT	0.15145	0.00846	0.00912	-0.15145	0.00984	0.00912	0.00008	0.00008
TCC	TCT	CT	1.04241	0.00846	0.01362	-1.04241	0.02399	0.01362	0.01362	0.01362
TCA	TTA	CT	1.23539	0.00132	0.00230	-1.23539	0.00454	0.00230	0.00002	0.00002
TCA	TCT	AT	3.57385	0.00133	0.00489	-3.57385	0.04737	0.00489	0.00489	0.00489
TCA	TCC	AC	2.53145	0.00371	0.01020	-2.53145	0.04664	0.01020	0.01020	0.01020
TCG	TTG	CT	0.52807	0.00198	0.00254	-0.52807	0.00335	0.00254	0.00002	0.00002
TCG	TCT	GT	2.83072	0.00199	0.00598	-2.83072	0.03373	0.00598	0.00598	0.00598
TCG	TCC	GC	1.78831	0.00555	0.01193	-1.78831	0.03321	0.01193	0.01193	0.01193
TCG	TCA	GA	-0.74313	0.01082	0.00729	0.74313	0.00515	0.00729	0.00729	0.00729
TAT	TTT	AT	2.69452	0.00097	0.00279	-2.69452	0.01428	0.00279	0.00003	0.00003
TAT	TCT	AC	2.86655	0.00270	0.00819	-2.86655	0.04737	0.00819	0.00007	0.00007
TAC	TTC	AT	3.05781	0.00091	0.00293	-3.05781	0.01943	0.00293	0.00003	0.00003
TAC	TCC	AC	2.90636	0.00255	0.00784	-2.90636	0.04664	0.00784	0.00007	0.00007
TAC	TAT	CT	1.08222	0.00091	0.00148	-1.08222	0.00268	0.00148	0.00148	0.00148
TGT	TTT	GT	3.60028	0.00028	0.00103	-3.60028	0.01017	0.00103	0.00001	0.00001
TGT	TCT	GC	3.77230	0.00078	0.00300	-3.77230	0.03373	0.00300	0.00003	0.00003
TGT	TAT	GA	0.90575	0.00151	0.00230	-0.90575	0.00374	0.00230	0.00002	0.00002
TGC	TTC	GT	3.18839	0.00057	0.00190	-3.18839	0.01384	0.00190	0.00002	0.00002
TGC	TCC	GC	3.03694	0.00159	0.00508	-3.03694	0.03321	0.00508	0.00005	0.00005
TGC	TAC	GA	0.13058	0.00310	0.00331	-0.13058	0.00354	0.00331	0.00003	0.00003
TGC	TGT	CT	0.30705	0.00057	0.00066	-0.30705	0.00077	0.00066	0.00066	0.00066
TGG	TTG	GT	1.37841	0.00119	0.00219	-1.37841	0.00471	0.00219	0.00002	0.00002
TGG	TCG	GC	0.85034	0.00331	0.00492	-0.85034	0.00776	0.00492	0.00004	0.00004
TGG	TGT	GT	-0.09125	0.00119	0.00113	0.09125	0.00108	0.00113	0.00001	0.00001
TGG	TGC	GC	-0.39829	0.00331	0.00270	0.39829	0.00223	0.00270	0.00002	0.00002
CTT	TTT	CT	1.51590	0.00159	0.00309	-1.51590	0.00723	0.00309	0.00003	0.00003
CTC	TTC	CT	1.20369	0.00295	0.00508	-1.20369	0.00984	0.00508	0.00005	0.00005
CTC	CTT	CT	0.40673	0.00295	0.00359	-0.40673	0.00444	0.00359	0.00359	0.00359
CTA	TTA	CT	2.05510	0.00058	0.00137	-2.05510	0.00454	0.00137	0.00137	0.00137
CTA	CTT	AT	2.70563	0.00059	0.00170	-2.70563	0.00876	0.00170	0.00170	0.00170
CTA	CTC	AC	2.29891	0.00163	0.00418	-2.29891	0.01628	0.00418	0.00418	0.00418
CTG	TTG	CT	-1.81047	0.02048	0.00725	1.81047	0.00335	0.00725	0.00725	0.00725
CTG	CTT	GT	-1.19575	0.02062	0.01069	1.19575	0.00624	0.01069	0.01069	0.01069
CTG	CTC	GC	-1.60247	0.05757	0.02327	1.60247	0.01159	0.02327	0.02327	0.02327
CTG	CTA	GA	-3.90138	0.11215	0.00903	3.90138	0.00227	0.00903	0.00903	0.00903
CCT	TCT	CT	11.45297	0.00000	0.00000	-11.45297	0.02399	0.00000	0.00000	0.00000
CCT	CTT	CT	9.76505	0.00000	0.00000	-9.76505	0.00444	0.00000	0.00000	0.00000
CCC	TCC	CT	7.39297	0.00001	0.00011	-7.39297	0.02362	0.00011	0.00000	0.00000
CCC	CTC	CT	6.34073	0.00001	0.00009	-6.34073	0.00825	0.00009	0.00000	0.00000
CCC	CCT	CT	-3.01759	0.00001	0.00000	3.01759	0.00000	0.00000	0.00000	0.00000
CCA	TCA	CT	2.99837	0.00018	0.00058	-2.99837	0.00368	0.00058	0.00001	0.00001
CCA	CTA	CT	2.17866	0.00018	0.00045	-2.17866	0.00162	0.00045	0.00000	0.00000
CCA	CCT	AT	-4.88075	0.00019	0.00001	4.88075	0.00000	0.00000	0.00001	0.00000
CCA	CCC	AC	-1.86316	0.00052	0.00018	1.86316	0.00008	0.00018	0.00018	0.00018
CCG	TCG	CT	1.83276	0.00088	0.00193	-1.83276	0.00552	0.00193	0.00002	0.00002
CCG	CTG	CT	4.17131	0.00088	0.00374	-4.17131	0.05718	0.00374	0.00003	0.00003
CCG	CCT	GT	-6.78949	0.00089	0.00001	6.78949	0.00000	0.00000	0.00001	0.00000
CCG	CCC	GC	-3.77190	0.00248	0.00022	3.77190	0.00006	0.00022	0.00022	0.00022
CCG	CCA	GA	-1.90874	0.00483	0.00161	1.90874	0.00072	0.00161	0.00161	0.00161
CAT	TAT	CT	2.23933	0.00029	0.00071	-2.23933	0.00268	0.00071	0.00001	0.00001
CAT	CTT	AT	3.41796	0.00029	0.00101	-3.41796	0.00876	0.00101	0.00001	0.00001
CAT	CCT	AC	-6.34709	0.00080	0.00001	6.34709	0.00000	0.00000	0.00000	0.00000
CAC	TAC	CT	1.48083	0.00058	0.00110	-1.48083	0.00253	0.00110	0.00001	0.00001
CAC	CTC	AT	3.33495	0.00058	0.00201	-3.33495	0.01628	0.00201	0.00002	0.00002
CAC	CCC	AC	-3.00578	0.00162	0.00025	3.00578	0.00008	0.00025	0.00000	0.00000
CAC	CAT	CT	0.32371	0.00058	0.00067	-0.32371	0.00080	0.00067	0.00067	0.00067
CAA	CTA	AT	-0.38556	0.00471	0.00386	0.38556	0.00321	0.00386	0.00003	0.00003
CAA	CCA	AC	-2.56422	0.01316	0.00281	2.56422	0.00101	0.00281	0.00003	0.00003
CAA	CAT	AT	-1.09788	0.00471	0.00259	1.09788	0.00157	0.00259	0.00002	0.00002
CAA	CAC	AC	-1.42160	0.01316	0.00595	1.42160	0.00318	0.00595	0.00005	0.00005
CAG	CTG	AT	1.90535	0.01680	0.03760	-1.90535	0.11291	0.03760	0.00034	0.00034
CAG	CCG	AC	-2.26595	0.04691	0.01230	2.26595	0.00487	0.01230	0.00011	0.00011
CAG	CAT	GT	-2.70836	0.01680	0.00325	2.70836	0.00112	0.00325	0.00003	0.00003
CAG	CAC	GC	-3.03207	0.04691	0.00720	3.03207	0.00226	0.00720	0.00006	0.00006
CAG	CAA	GA	-1.61047	0.09137	0.03674	1.61047	0.01826	0.03674	0.03674	0.03674
CGT	TGT	CT	-2.48354	0.00923	0.00209	2.48354	0.00077	0.00209	0.00002	0.00002
CGT	CTT	GT	-0.39915	0.00930	0.00756	0.39915	0.00624	0.00756	0.00007	0.00007
CGT	CCT	GC	-10.16420	0.02596	0.00001	10.16420	0.00000	0.00000	0.00000	0.00000
CGT	CAT	GA	-3.81712	0.05056	0.00434	3.81712	0.00111	0.00434	0.00004	0.00004
CGC	TGC	CT	-0.82034	0.00359	0.00232	0.82034	0.00158	0.00232	0.00002	0.00002
CGC	CTC	GT	1.16436	0.00362	0.00613	-1.16436	0.01159	0.00613	0.00005	0.00005
CGC	CCC	GC	-5.17637	0.01011	0.00030	5.17637	0.00006	0.00030	0.00000	0.00000
CGC	CAC	GA	-2.17059	0.01969	0.00550	2.17059	0.00225	0.00550	0.00005	0.00005
CGC	CGT	CT	1.97024	0.00359	0.00823	-1.97024	0.02578	0.00823	0.00823	0.00823
CGA	CTA	GT	2.28581	0.00023	0.00059	-2.28581	0.00228	0.00059	0.00001	0.00001
CGA	CCA	GC	0.10715	0.00065	0.00068	-0.10715	0.00072	0.00068	0.00001	0.00001
CGA	CAA	GA	2.67137	0.00126	0.00362	-2.67137	0.01826	0.00362	0.00003	0.00003
CGA	CGT	AT	5.39060	0.00023	0.00126	-5.39060	0.05091	0.00126	0.00126	0.00126
CGA	CGC	AC	3.42036	0.00065	0.00229	-3.42036	0.01982	0.00229	0.00229	0.00229
CGG	TGG	CT	2.37601	0.00031	0.00080	-2.37601	0.00329	0.00080	0.00001	0.00001
CGG	CTG	GT	5.56489	0.00031	0.00172	-5.56489	0.08040	0.00172	0.00002	0.00002
CGG	CCG	GC	1.39358	0.00086	0.00159	-1.39358	0.00346	0.00159	0.00001	0.00001
CGG	CAG	GA	3.65954	0.00167	0.00629	-3.65954	0.06506	0.00629	0.00006	0.00006
CGG	CGT	GT	4.76830	0.00031	0.00148	-4.76830	0.03625	0.00148	0.00148	0.00148
CGG	CGC	GC	2.79805	0.00086	0.00256	-2.79805	0.01411	0.00256	0.00256	0.00256
CGG	CGA	GA	-0.62230	0.00167	0.00121	0.62230	0.00090	0.00121	0.00121	0.00121
ATT	TTT	AT	1.08619	0.00482	0.00790	-1.08619	0.01428	0.00790	0.00007	0.00007
ATT	CTT	AC	-0.42971	0.01346	0.01077	0.42971	0.00876	0.01077	0.00010	0.00010
ATC	TTC	AT	0.67219	0.00992	0.01363	-0.67219	0.01943	0.01363	0.00012	0.00012
ATC	CTC	AC	-0.53150	0.02771	0.02099	0.53150	0.01628	0.02099	0.00019	0.00019
ATC	ATT	CT	0.30493	0.00986	0.01143	-0.30493	0.01337	0.01143	0.01143	0.01143
ATA	TTA	AT	4.54335	0.00010	0.00044	-4.54335	0.00896	0.00044	0.00000	0.00000
ATA	CTA	AC	2.48826	0.00027	0.00072	-2.48826	0.00321	0.00072	0.00001	0.00001
ATA	ATT	AT	5.62360	0.00010	0.00054	-5.62360	0.02640	0.00054	0.00054	0.00054
ATA	ATC	AC	5.31866	0.00027	0.00142	-5.31866	0.05434	0.00142	0.00142	0.00142
ATG	TTG	AT	0.18986	0.00547	0.00601	-0.18986	0.00661	0.00601	0.00005	0.00005
ATG	CTG	AC	2.00033	0.01528	0.03534	-2.00033	0.11291	0.03534	0.00032	0.00032
ATG	ATT	GT	1.23430	0.00547	0.00952	-1.23430	0.01880	0.00952	0.00009	0.00009
ATG	ATC	GC	0.92936	0.01528	0.02346	-0.92936	0.03869	0.02346	0.00021	0.00021
ATG	ATA	GA	-4.38930	0.02976	0.00164	4.38930	0.00037	0.00164	0.00001	0.00001
ACT	TCT	AT	2.35544	0.00449	0.01169	-2.35544	0.04737	0.01169	0.00010	0.00010
ACT	CCT	AC	-9.09753	0.01255	0.00001	9.09753	0.00000	0.00000	0.00000	0.00000
ACT	ATT	CT	1.09723	0.00446	0.00735	-1.09723	0.01337	0.00735	0.00007	0.00007
ACC	TCC	AT	1.54886	0.00991	0.01949	-1.54886	0.04664	0.01949	0.00017	0.00017
ACC	CCC	AC	-5.84412	0.02767	0.00047	5.84412	0.00008	0.00047	0.00000	0.00000
ACC	ATC	CT	1.02812	0.00984	0.01576	-1.02812	0.02752	0.01576	0.00014	0.00014
ACC	ACT	CT	0.23582	0.00984	0.01105	-0.23582	0.01246	0.01105	0.01105	0.01105
ACA	TCA	AT	1.72518	0.00130	0.00272	-1.72518	0.00728	0.00272	0.00002	0.00002
ACA	CCA	AC	-1.27319	0.00362	0.00179	1.27319	0.00101	0.00179	0.00002	0.00002
ACA	ATA	CT	-1.58278	0.00129	0.00053	1.58278	0.00026	0.00053	0.00000	0.00000
ACA	ACT	AT	2.94359	0.00130	0.00403	-2.94359	0.02461	0.00403	0.00403	0.00403
ACA	ACC	AC	2.70777	0.00362	0.01050	-2.70777	0.05427	0.01050	0.01050	0.01050
ACG	TCG	AT	1.18262	0.00334	0.00569	-1.18262	0.01089	0.00569	0.00005	0.00005
ACG	CCG	AC	-0.65014	0.00932	0.00662	0.65014	0.00487	0.00662	0.00006	0.00006
ACG	ATG	CT	1.52083	0.00332	0.00645	-1.52083	0.01517	0.00645	0.00006	0.00006
ACG	ACT	GT	1.65790	0.00334	0.00684	-1.65790	0.01752	0.00684	0.00684	0.00684
ACG	ACC	GC	1.42208	0.00932	0.01747	-1.42208	0.03864	0.01747	0.01747	0.01747
ACG	ACA	GA	-1.28569	0.01816	0.00892	1.28569	0.00502	0.00892	0.00892	0.00892
AAT	TAT	AT	0.30523	0.00390	0.00452	-0.30523	0.00529	0.00452	0.00004	0.00004
AAT	CAT	AC	-1.93410	0.01088	0.00355	1.93410	0.00157	0.00355	0.00003	0.00003
AAT	ATT	AT	1.91357	0.00390	0.00874	-1.91357	0.02640	0.00874	0.00008	0.00008
AAT	ACT	AC	0.81634	0.01088	0.01591	-0.81634	0.02461	0.01591	0.00014	0.00014
AAC	TAC	AT	-1.04658	0.01424	0.00807	1.04658	0.00500	0.00807	0.00007	0.00007
AAC	CAC	AC	-2.52741	0.03977	0.00872	2.52741	0.00318	0.00872	0.00008	0.00008
AAC	ATC	AT	1.33904	0.01424	0.02584	-1.33904	0.05434	0.02584	0.00023	0.00023
AAC	ACC	AC	0.31093	0.03977	0.04627	-0.31093	0.05427	0.04627	0.00041	0.00041
AAC	AAT	CT	-0.26959	0.01415	0.01232	0.26959	0.01080	0.01232	0.01232	0.01232
AAA	CAA	AC	0.34475	0.01829	0.02162	-0.34475	0.02581	0.02162	0.00019	0.00019
AAA	ATA	AT	-2.52907	0.00655	0.00143	2.52907	0.00052	0.00143	0.00001	0.00001
AAA	ACA	AC	-0.94629	0.01829	0.01098	0.94629	0.00710	0.01098	0.00010	0.00010
AAA	AAT	AT	1.18096	0.00655	0.01116	-1.18096	0.02133	0.01116	0.00010	0.00010
AAA	AAC	AC	1.45056	0.01829	0.03465	-1.45056	0.07800	0.03465	0.00031	0.00031
AAG	CAG	AC	2.86507	0.00524	0.01593	-2.86507	0.09199	0.01593	0.00014	0.00014
AAG	ATG	AT	2.77008	0.00188	0.00555	-2.77008	0.02996	0.00555	0.00005	0.00005
AAG	ACG	AC	1.24925	0.00524	0.00918	-1.24925	0.01828	0.00918	0.00008	0.00008
AAG	AAT	GT	2.09081	0.00188	0.00448	-2.09081	0.01519	0.00448	0.00004	0.00004
AAG	AAC	GC	2.36040	0.00524	0.01366	-2.36040	0.05554	0.01366	0.00012	0.00012
AAG	AAA	GA	0.90985	0.01021	0.01555	-0.90985	0.02536	0.01555	0.01555	0.01555
AGT	TGT	AT	0.19295	0.00125	0.00138	-0.19295	0.00152	0.00138	0.00001	0.00001
AGT	CGT	AC	2.67648	0.00350	0.01007	-2.67648	0.05091	0.01007	0.00009	0.00009
AGT	ATT	GT	2.70704	0.00125	0.00364	-2.70704	0.01880	0.00364	0.00003	0.00003
AGT	ACT	GC	1.60981	0.00350	0.00705	-1.60981	0.01752	0.00705	0.00006	0.00006
AGT	AAT	GA	0.79347	0.00682	0.00988	-0.79347	0.01509	0.00988	0.00009	0.00009
AGC	TGC	AT	-0.81846	0.00708	0.00458	0.81846	0.00313	0.00458	0.00004	0.00004
AGC	CGC	AC	0.00188	0.01978	0.01980	-0.00188	0.01982	0.01980	0.00018	0.00018
AGC	ATC	GT	1.69774	0.00708	0.01472	-1.69774	0.03869	0.01472	0.00013	0.00013
AGC	ACC	GC	0.66963	0.01978	0.02714	-0.66963	0.03864	0.02714	0.00024	0.00024
AGC	AAC	GA	0.35870	0.03854	0.04586	-0.35870	0.05516	0.04586	0.00041	0.00041
AGC	AGT	CT	-0.70436	0.00704	0.00485	0.70436	0.00348	0.00485	0.00485	0.00485
AGA	CGA	AC	-0.21094	0.00157	0.00141	0.21094	0.00127	0.00141	0.00141	0.00141
AGA	ATA	GT	-0.41338	0.00056	0.00045	0.41338	0.00037	0.00045	0.00000	0.00000
AGA	ACA	GC	1.16940	0.00157	0.00266	-1.16940	0.00505	0.00266	0.00002	0.00002
AGA	AAA	GA	2.11568	0.00306	0.00736	-2.11568	0.02536	0.00736	0.00007	0.00007
AGA	AGT	AT	2.50318	0.00056	0.00153	-2.50318	0.00687	0.00153	0.00001	0.00001
AGA	AGC	AC	3.20754	0.00157	0.00525	-3.20754	0.03880	0.00525	0.00005	0.00005
AGG	TGG	AT	4.30041	0.00009	0.00038	-4.30041	0.00650	0.00038	0.00000	0.00000
AGG	CGG	AC	1.92440	0.00025	0.00055	-1.92440	0.00169	0.00055	0.00055	0.00055
AGG	ATG	GT	5.48896	0.00009	0.00049	-5.48896	0.02133	0.00049	0.00000	0.00000
AGG	ACG	GC	3.96813	0.00025	0.00100	-3.96813	0.01302	0.00100	0.00001	0.00001
AGG	AAG	GA	2.71887	0.00048	0.00140	-2.71887	0.00727	0.00140	0.00001	0.00001
AGG	AGT	GT	4.01622	0.00009	0.00036	-4.01622	0.00489	0.00036	0.00000	0.00000
AGG	AGC	GC	4.72058	0.00025	0.00117	-4.72058	0.02763	0.00117	0.00001	0.00001
AGG	AGA	GA	1.51304	0.00048	0.00093	-1.51304	0.00218	0.00093	0.00093	0.00093
GTT	TTT	GT	0.70009	0.00505	0.00702	-0.70009	0.01017	0.00702	0.00006	0.00006
GTT	CTT	GC	-0.81580	0.01410	0.00912	0.81580	0.00624	0.00912	0.00008	0.00008
GTT	ATT	GA	-0.38609	0.02747	0.02251	0.38609	0.01867	0.02251	0.00020	0.00020
GTC	TTC	GT	2.13759	0.00163	0.00395	-2.13759	0.01384	0.00395	0.00004	0.00004
GTC	CTC	GC	0.93390	0.00456	0.00701	-0.93390	0.01159	0.00701	0.00006	0.00006
GTC	ATC	GA	1.46540	0.00888	0.01692	-1.46540	0.03843	0.01692	0.00015	0.00015
GTC	GTT	CT	2.15643	0.00162	0.00395	-2.15643	0.01401	0.00395	0.00395	0.00395
GTA	TTA	GT	0.74022	0.00304	0.00431	-0.74022	0.00638	0.00431	0.00004	0.00004
GTA	CTA	GC	-1.31488	0.00850	0.00410	1.31488	0.00228	0.00410	0.00004	0.00004
GTA	ATA	GA	-3.80313	0.01656	0.00144	3.80313	0.00037	0.00144	0.00001	0.00001
GTA	GTT	AT	2.20656	0.00304	0.00755	-2.20656	0.02765	0.00755	0.00755	0.00755
GTA	GTC	AC	0.05013	0.00850	0.00872	-0.05013	0.00894	0.00872	0.00872	0.00872
GTG	TTG	GT	0.45697	0.00298	0.00372	-0.45697	0.00471	0.00372	0.00003	0.00003
GTG	CTG	GC	2.26744	0.00833	0.02106	-2.26744	0.08040	0.02106	0.00019	0.00019
GTG	ATG	GA	0.26711	0.01622	0.01848	-0.26711	0.02119	0.01848	0.00017	0.00017
GTG	GTT	GT	1.88749	0.00298	0.00663	-1.88749	0.01969	0.00663	0.00663	0.00663
GTG	GTC	GC	-0.26893	0.00833	0.00726	0.26893	0.00636	0.00726	0.00726	0.00726
GTG	GTA	GA	-0.31906	0.01622	0.01377	0.31906	0.01179	0.01377	0.01377	0.01377
GCT	TCT	GT	1.20182	0.01014	0.01743	-1.20182	0.03373	0.01743	0.00016	0.00016
GCT	CCT	GC	-10.25115	0.02832	0.00001	10.25115	0.00000	0.00000	0.00000	0.00000
GCT	ACT	GA	-1.15362	0.05516	0.02933	1.15362	0.01740	0.02933	0.00026	0.00026
GCT	GTT	CT	0.32970	0.01007	0.01182	-0.32970	0.01401	0.01182	0.00011	0.00011
GCC	TCC	GT	1.66137	0.00631	0.01293	-1.66137	0.03321	0.01293	0.00012	0.00012
GCC	CCC	GC	-5.73160	0.01761	0.00033	5.73160	0.00006	0.00033	0.00000	0.00000
GCC	ACC	GA	0.11252	0.03430	0.03626	-0.11252	0.03838	0.03626	0.00033	0.00033
GCC	GTC	CT	-0.32477	0.00626	0.00530	0.32477	0.00453	0.00530	0.00005	0.00005
GCC	GCT	CT	1.50196	0.00626	0.01210	-1.50196	0.02812	0.01210	0.01210	0.01210
GCA	TCA	GT	-0.37779	0.00756	0.00622	0.37779	0.00518	0.00622	0.00006	0.00006
GCA	CCA	GC	-3.37615	0.02111	0.00252	3.37615	0.00072	0.00252	0.00002	0.00002
GCA	ACA	GA	-2.10296	0.04112	0.01203	2.10296	0.00502	0.01203	0.00011	0.00011
GCA	GTA	CT	0.11739	0.00751	0.00796	-0.11739	0.00844	0.00796	0.00007	0.00007
GCA	GCT	AT	1.99425	0.00756	0.01745	-1.99425	0.05553	0.01745	0.01745	0.01745
GCA	GCC	AC	0.49229	0.02111	0.02673	-0.49229	0.03453	0.02673	0.02673	0.02673
GCG	TCG	GT	-0.37031	0.01123	0.00928	0.37031	0.00776	0.00928	0.00008	0.00008
GCG	CCG	GC	-2.20307	0.03136	0.00858	2.20307	0.00346	0.00858	0.00008	0.00008
GCG	ACG	GA	-1.55293	0.06110	0.02547	1.55293	0.01293	0.02547	0.00023	0.00023
GCG	GTG	CT	-0.29920	0.01116	0.00957	0.29920	0.00827	0.00957	0.00009	0.00009
GCG	GCT	GT	1.25860	0.01123	0.01975	-1.25860	0.03954	0.01975	0.01975	0.01975
GCG	GCC	GC	-0.24336	0.03136	0.02770	0.24336	0.02459	0.02770	0.02770	0.02770
GCG	GCA	GA	-0.73565	0.06110	0.04135	0.73565	0.02928	0.04135	0.04135	0.04135
GAT	TAT	GT	-0.38577	0.00554	0.00454	0.38577	0.00376	0.00454	0.00004	0.00004
GAT	CAT	GC	-2.62511	0.01546	0.00317	2.62511	0.00112	0.00317	0.00003	0.00003
GAT	AAT	GA	-0.69100	0.03011	0.02089	0.69100	0.01509	0.02089	0.00019	0.00019
GAT	GTT	AT	1.60866	0.00554	0.01113	-1.60866	0.02765	0.01113	0.00010	0.00010
GAT	GCT	AC	1.27896	0.01546	0.02739	-1.27896	0.05553	0.02739	0.00025	0.00025
GAC	TAC	GT	-0.78247	0.00779	0.00513	0.78247	0.00356	0.00513	0.00005	0.00005
GAC	CAC	GC	-2.26330	0.02174	0.00571	2.26330	0.00226	0.00571	0.00005	0.00005
GAC	AAC	GA	0.26411	0.04236	0.04820	-0.26411	0.05516	0.04820	0.00043	0.00043
GAC	GTC	AT	0.13776	0.00779	0.00834	-0.13776	0.00894	0.00834	0.00007	0.00007
GAC	GCC	AC	0.46252	0.02174	0.02716	-0.46252	0.03453	0.02716	0.00024	0.00024
GAC	GAT	CT	0.68553	0.00773	0.01069	-0.68553	0.01535	0.01069	0.01069	0.01069
GAA	CAA	GC	-0.05420	0.01940	0.01888	0.05420	0.01838	0.01888	0.00017	0.00017
GAA	AAA	GA	-0.39894	0.03780	0.03076	0.39894	0.02536	0.03076	0.00028	0.00028
GAA	GTA	AT	0.87512	0.00695	0.01043	-0.87512	0.01667	0.01043	0.00009	0.00009
GAA	GCA	AC	0.75773	0.01940	0.02767	-0.75773	0.04140	0.02767	0.00025	0.00025
GAA	GAT	AT	1.47302	0.00695	0.01328	-1.47302	0.03031	0.01328	0.00012	0.00012
GAA	GAC	AC	0.78750	0.01940	0.02804	-0.78750	0.04265	0.02804	0.00025	0.00025
GAG	CAG	GC	2.56652	0.00503	0.01399	-2.56652	0.06550	0.01399	0.00013	0.00013
GAG	AAG	GA	-0.29854	0.00980	0.00841	0.29854	0.00727	0.00841	0.00008	0.00008
GAG	GTG	AT	2.20444	0.00180	0.00446	-2.20444	0.01633	0.00446	0.00004	0.00004
GAG	GCG	AC	2.50363	0.00503	0.01372	-2.50363	0.06151	0.01372	0.00012	0.00012
GAG	GAT	GT	2.48327	0.00180	0.00488	-2.48327	0.02158	0.00488	0.00004	0.00004
GAG	GAC	GC	1.79775	0.00503	0.01084	-1.79775	0.03037	0.01084	0.00010	0.00010
GAG	GAA	GA	1.01025	0.00980	0.01557	-1.01025	0.02691	0.01557	0.01557	0.01557
GGT	TGT	GT	-1.99422	0.00796	0.00250	1.99422	0.00108	0.00250	0.00002	0.00002
GGT	CGT	GC	0.48931	0.02222	0.02810	-0.48931	0.03625	0.02810	0.00025	0.00025
GGT	AGT	GA	-2.18717	0.04329	0.01197	2.18717	0.00486	0.01197	0.00011	0.00011
GGT	GTT	GT	0.90596	0.00796	0.01210	-0.90596	0.01969	0.01210	0.00011	0.00011
GGT	GCT	GC	0.57626	0.02222	0.02924	-0.57626	0.03954	0.02924	0.00026	0.00026
GGT	GAT	GA	-0.70270	0.04329	0.02985	0.70270	0.02144	0.02985	0.00027	0.00027
GGC	TGC	GT	-1.13355	0.00691	0.00372	1.13355	0.00223	0.00372	0.00003	0.00003
GGC	CGC	GC	-0.31321	0.01930	0.01644	0.31321	0.01411	0.01644	0.00015	0.00015
GGC	AGC	GA	-0.31509	0.03760	0.03199	0.31509	0.02744	0.03199	0.00029	0.00029
GGC	GTC	GT	-0.08275	0.00691	0.00663	0.08275	0.00636	0.00663	0.00006	0.00006
GGC	GCC	GC	0.24202	0.01930	0.02173	-0.24202	0.02459	0.02173	0.00019	0.00019
GGC	GAC	GA	-0.22050	0.03760	0.03361	0.22050	0.03016	0.03361	0.00030	0.00030
GGC	GGT	CT	1.16772	0.00687	0.01164	-1.16772	0.02207	0.01164	0.01164	0.01164
GGA	CGA	GC	1.09086	0.00030	0.00050	-1.09086	0.00091	0.00050	0.00000	0.00000
GGA	AGA	GA	1.30180	0.00059	0.00106	-1.30180	0.00218	0.00106	0.00001	0.00001
GGA	GTA	GT	4.69155	0.00011	0.00052	-4.69155	0.01187	0.00052	0.00000	0.00000
GGA	GCA	GC	4.57416	0.00030	0.00141	-4.57416	0.02948	0.00141	0.00001	0.00001
GGA	GAA	GA	3.81643	0.00059	0.00231	-3.81643	0.02691	0.00231	0.00002	0.00002
GGA	GGT	AT	5.99215	0.00011	0.00065	-5.99215	0.04358	0.00065	0.00065	0.00065
GGA	GGC	AC	4.82443	0.00030	0.00148	-4.82443	0.03786	0.00148	0.00148	0.00148
GGG	TGG	GT	2.32187	0.00045	0.00117	-2.32187	0.00463	0.00117	0.00001	0.00001
GGG	CGG	GC	-0.05414	0.00127	0.00123	0.05414	0.00120	0.00123	0.00001	0.00001
GGG	AGG	GA	-1.97854	0.00247	0.00078	1.97854	0.00034	0.00078	0.00001	0.00001
GGG	GTG	GT	3.24331	0.00045	0.00153	-3.24331	0.01163	0.00153	0.00001	0.00001
GGG	GCG	GC	3.54251	0.00127	0.00462	-3.54251	0.04380	0.00462	0.00004	0.00004
GGG	GAG	GA	1.03887	0.00247	0.00397	-1.03887	0.00698	0.00397	0.00004	0.00004
GGG	GGT	GT	4.22484	0.00045	0.00195	-4.22484	0.03103	0.00195	0.00195	0.00195
GGG	GGC	GC	3.05712	0.00127	0.00407	-3.05712	0.02696	0.00407	0.00407	0.00407
GGG	GGA	GA	-1.76730	0.00247	0.00090	1.76730	0.00042	0.00090	0.00090	0.00090


Histograms
2Ns	FMut	FSub(CodonUsage)	FSubw(after w)

-10.90759	0.00322	0.00000	0.00000
-9.81683	0.00789	0.00000	0.00000
-8.72607	0.00169	0.00000	0.00000
-7.63531	0.00317	0.00002	0.00000
-6.54456	0.00134	0.00002	0.00001
-5.45380	0.04467	0.00156	0.00356
-4.36304	0.05467	0.00535	0.01279
-3.27228	0.11385	0.02497	0.02265
-2.18152	0.21621	0.09654	0.09488
-1.09076	0.23559	0.20507	0.24083
0.00000	0.20933	0.33290	0.25058
1.09076	0.07803	0.20507	0.24083
2.18152	0.02467	0.09654	0.09488
3.27228	0.00472	0.02497	0.02265
4.36304	0.00077	0.00535	0.01279
5.45380	0.00017	0.00156	0.00356
6.54456	0.00000	0.00002	0.00000
7.63531	0.00000	0.00002	0.00000
8.72607	0.00000	0.00000	0.00000
9.81683	0.00000	0.00000	0.00000
10.90759	0.00000	0.00000	0.00000

Proportion of advantageous (S > 0) mutations:
 0.19762

Proportions of good & bad mutations (|S| > 2.0000) among mutations:
0.02064  0.38524

mean |Ns| = 1.98699	mean Ns+ = 0.90699	mean Ns- = -2.25300


Model 1: NearlyNeutral
I	J	ij	2Ns_IJ	pMut_IJ	pSub_IJ	2Ns_JI	pMut_JI	pSub_JI

TTC	TTT	CT	1.01793	0.00368	0.00586	-1.01793	0.01018	0.00586
TTA	TTT	AT	2.10618	0.00107	0.00256	-2.10618	0.00876	0.00256
TTA	TTC	AC	1.08825	0.00387	0.00634	-1.08825	0.01148	0.00634
TTG	TTT	GT	2.19004	0.00089	0.00220	-2.19004	0.00799	0.00220
TTG	TTC	GC	1.17211	0.00324	0.00550	-1.17211	0.01046	0.00550
TTG	TTA	GA	0.08386	0.00504	0.00525	-0.08386	0.00548	0.00525
TCT	TTT	CT	-0.48850	0.01659	0.01287	0.48850	0.01018	0.01287
TCC	TTC	CT	-0.18306	0.01602	0.01460	0.18306	0.01334	0.01460
TCC	TCT	CT	1.32337	0.01602	0.02889	-1.32337	0.06016	0.02889
TCA	TTA	CT	0.78494	0.00237	0.00342	-0.78494	0.00520	0.00342
TCA	TCT	AT	3.37962	0.00176	0.00617	-3.37962	0.05176	0.00617
TCA	TCC	AC	2.05625	0.00639	0.01507	-2.05625	0.04997	0.01507
TCG	TTG	CT	0.25192	0.00339	0.00383	-0.25192	0.00436	0.00383
TCG	TCT	GT	2.93046	0.00252	0.00780	-2.93046	0.04720	0.00780
TCG	TCC	GC	1.60710	0.00913	0.01836	-1.60710	0.04556	0.01836
TCG	TCA	GA	-0.44916	0.01421	0.01125	0.44916	0.00907	0.01125
TAT	TTT	AT	2.17109	0.00100	0.00245	-2.17109	0.00876	0.00245
TAT	TCT	AC	2.65960	0.00362	0.01036	-2.65960	0.05176	0.01036
TAC	TTC	AT	2.64306	0.00082	0.00232	-2.64306	0.01148	0.00232
TAC	TCC	AC	2.82612	0.00296	0.00889	-2.82612	0.04997	0.00889
TAC	TAT	CT	1.48989	0.00110	0.00211	-1.48989	0.00487	0.00211
TGT	TTT	GT	3.79410	0.00018	0.00070	-3.79410	0.00799	0.00070
TGT	TCT	GC	4.28260	0.00065	0.00283	-4.28260	0.04720	0.00283
TGT	TAT	GA	1.62301	0.00101	0.00205	-1.62301	0.00514	0.00205
TGC	TTC	GT	3.29738	0.00039	0.00133	-3.29738	0.01046	0.00133
TGC	TCC	GC	3.48044	0.00140	0.00504	-3.48044	0.04556	0.00504
TGC	TAC	GA	0.65432	0.00218	0.00297	-0.65432	0.00420	0.00297
TGC	TGT	CT	0.52121	0.00052	0.00067	-0.52121	0.00088	0.00067
TGG	TTG	GT	1.28491	0.00095	0.00168	-1.28491	0.00342	0.00168
TGG	TCG	GC	1.03299	0.00343	0.00550	-1.03299	0.00963	0.00550
TGG	TGT	GT	-0.31915	0.00095	0.00080	0.31915	0.00069	0.00080
TGG	TGC	GC	-0.84036	0.00343	0.00219	0.84036	0.00148	0.00219
CTT	TTT	CT	1.87652	0.00156	0.00345	-1.87652	0.01018	0.00345
CTC	TTC	CT	1.51347	0.00294	0.00570	-1.51347	0.01334	0.00570
CTC	CTT	CT	0.65488	0.00294	0.00400	-0.65488	0.00565	0.00400
CTA	TTA	CT	2.17724	0.00059	0.00145	-2.17724	0.00520	0.00145
CTA	CTT	AT	2.40691	0.00044	0.00116	-2.40691	0.00486	0.00116
CTA	CTC	AC	1.75203	0.00159	0.00337	-1.75203	0.00916	0.00337
CTG	TTG	CT	-1.43403	0.01828	0.00820	1.43403	0.00436	0.00820
CTG	CTT	GT	-1.12051	0.01360	0.00737	1.12051	0.00443	0.00737
CTG	CTC	GC	-1.77539	0.04930	0.01785	1.77539	0.00835	0.01785
CTG	CTA	GA	-3.52741	0.07667	0.00819	3.52741	0.00225	0.00819
CCT	TCT	CT	12.05024	0.00000	0.00000	-12.05024	0.06016	0.00000
CCT	CTT	CT	9.68522	0.00000	0.00000	-9.68522	0.00565	0.00000
CCC	TCC	CT	12.01494	0.00000	0.00000	-12.01494	0.05808	0.00000
CCC	CTC	CT	10.31841	0.00000	0.00000	-10.31841	0.01065	0.00000
CCC	CCT	CT	1.28807	0.00000	0.00000	-1.28807	0.00000	0.00000
CCA	TCA	CT	4.39693	0.00011	0.00047	-4.39693	0.00859	0.00047
CCA	CTA	CT	3.00462	0.00011	0.00033	-3.00462	0.00214	0.00033
CCA	CCT	AT	-4.27369	0.00008	0.00000	4.27369	0.00000	0.00000
CCA	CCC	AC	-5.56176	0.00029	0.00001	5.56176	0.00000	0.00000
CCG	TCG	CT	2.84583	0.00071	0.00216	-2.84583	0.01228	0.00216
CCG	CTG	CT	4.53178	0.00071	0.00327	-4.53178	0.06628	0.00327
CCG	CCT	GT	-6.27395	0.00053	0.00001	6.27395	0.00000	0.00000
CCG	CCC	GC	-7.56202	0.00192	0.00001	7.56202	0.00000	0.00000
CCG	CCA	GA	-2.00025	0.00299	0.00094	2.00025	0.00040	0.00094
CAT	TAT	CT	2.49974	0.00040	0.00109	-2.49974	0.00487	0.00109
CAT	CTT	AT	2.79432	0.00030	0.00089	-2.79432	0.00486	0.00089
CAT	CCT	AC	-6.89090	0.00108	0.00001	6.89090	0.00000	0.00000
CAC	TAC	CT	1.74291	0.00070	0.00147	-1.74291	0.00398	0.00147
CAC	CTC	AT	2.87250	0.00052	0.00158	-2.87250	0.00916	0.00158
CAC	CCC	AC	-7.44591	0.00188	0.00001	7.44591	0.00000	0.00000
CAC	CAT	CT	0.73306	0.00070	0.00098	-0.73306	0.00145	0.00098
CAA	CTA	AT	-1.09996	0.00552	0.00303	1.09996	0.00184	0.00303
CAA	CCA	AC	-4.10458	0.02002	0.00138	4.10458	0.00033	0.00138
CAA	CAT	AT	-1.48737	0.00552	0.00240	1.48737	0.00125	0.00240
CAA	CAC	AC	-2.22043	0.02002	0.00541	2.22043	0.00217	0.00541
CAG	CTG	AT	1.03337	0.02029	0.03255	-1.03337	0.05703	0.03255
CAG	CCG	AC	-3.49841	0.07357	0.00803	3.49841	0.00223	0.00803
CAG	CAT	GT	-2.88146	0.02029	0.00347	2.88146	0.00114	0.00347
CAG	CAC	GC	-3.61452	0.07357	0.00736	3.61452	0.00198	0.00736
CAG	CAA	GA	-1.39409	0.11442	0.05262	1.39409	0.02838	0.05262
CGT	TGT	CT	-2.38418	0.00951	0.00230	2.38418	0.00088	0.00230
CGT	CTT	GT	-0.46659	0.00707	0.00555	0.46659	0.00443	0.00555
CGT	CCT	GC	-10.15181	0.02564	0.00001	10.15181	0.00000	0.00000
CGT	CAT	GA	-3.26092	0.03987	0.00519	3.26092	0.00153	0.00519
CGC	TGC	CT	-0.74119	0.00396	0.00267	0.74119	0.00189	0.00267
CGC	CTC	GT	1.04272	0.00294	0.00474	-1.04272	0.00835	0.00474
CGC	CCC	GC	-9.27569	0.01068	0.00001	9.27569	0.00000	0.00000
CGC	CAC	GA	-1.82978	0.01660	0.00581	1.82978	0.00266	0.00581
CGC	CGT	CT	2.16419	0.00396	0.00968	-2.16419	0.03447	0.00968
CGA	CTA	GT	1.68855	0.00031	0.00064	-1.68855	0.00168	0.00064
CGA	CCA	GC	-1.31608	0.00112	0.00054	1.31608	0.00030	0.00054
CGA	CAA	GA	2.78850	0.00175	0.00519	-2.78850	0.02838	0.00519
CGA	CGT	AT	4.56204	0.00031	0.00143	-4.56204	0.02966	0.00143
CGA	CGC	AC	2.39785	0.00112	0.00296	-2.39785	0.01235	0.00296
CGG	TGG	CT	2.61593	0.00034	0.00095	-2.61593	0.00461	0.00095
CGG	CTG	GT	5.33487	0.00025	0.00134	-5.33487	0.05200	0.00134
CGG	CCG	GC	0.80309	0.00091	0.00132	-0.80309	0.00203	0.00132
CGG	CAG	GA	4.30150	0.00141	0.00616	-4.30150	0.10433	0.00616
CGG	CGT	GT	4.68096	0.00025	0.00118	-4.68096	0.02704	0.00118
CGG	CGC	GC	2.51676	0.00091	0.00249	-2.51676	0.01126	0.00249
CGG	CGA	GA	0.11891	0.00141	0.00150	-0.11891	0.00159	0.00150
ATT	TTT	AT	0.91746	0.00350	0.00535	-0.91746	0.00876	0.00535
ATT	CTT	AC	-0.95906	0.01269	0.00756	0.95906	0.00486	0.00756
ATC	TTC	AT	0.46461	0.00721	0.00902	-0.46461	0.01148	0.00902
ATC	CTC	AC	-1.04885	0.02615	0.01479	1.04885	0.00916	0.01479
ATC	ATT	CT	0.56509	0.00970	0.01269	-0.56509	0.01706	0.01269
ATA	TTA	AT	3.87109	0.00009	0.00037	-3.87109	0.00447	0.00037
ATA	CTA	AC	1.69385	0.00034	0.00070	-1.69385	0.00184	0.00070
ATA	ATT	AT	5.05982	0.00009	0.00047	-5.05982	0.01468	0.00047
ATA	ATC	AC	4.49473	0.00034	0.00154	-4.49473	0.03025	0.00154
ATG	TTG	AT	-0.08596	0.00409	0.00391	0.08596	0.00375	0.00391
ATG	CTG	AC	1.34807	0.01481	0.02698	-1.34807	0.05703	0.02698
ATG	ATT	GT	1.18662	0.00409	0.00698	-1.18662	0.01338	0.00698
ATG	ATC	GC	0.62153	0.01481	0.01989	-0.62153	0.02758	0.01989
ATG	ATA	GA	-3.87320	0.02304	0.00189	3.87320	0.00048	0.00189
ACT	TCT	AT	2.27780	0.00531	0.01347	-2.27780	0.05176	0.01347
ACT	CCT	AC	-9.77244	0.01924	0.00001	9.77244	0.00000	0.00000
ACT	ATT	CT	0.87184	0.00713	0.01069	-0.87184	0.01706	0.01069
ACC	TCC	AT	1.46223	0.01158	0.02204	-1.46223	0.04997	0.02204
ACC	CCC	AC	-10.55271	0.04198	0.00001	10.55271	0.00000	0.00000
ACC	ATC	CT	0.81456	0.01557	0.02276	-0.81456	0.03515	0.02276
ACC	ACT	CT	0.50780	0.01557	0.01985	-0.50780	0.02587	0.01985
ACA	TCA	AT	1.63299	0.00144	0.00293	-1.63299	0.00739	0.00293
ACA	CCA	AC	-2.76394	0.00524	0.00097	2.76394	0.00033	0.00097
ACA	ATA	CT	-1.45317	0.00194	0.00086	1.45317	0.00045	0.00086
ACA	ACT	AT	2.73481	0.00144	0.00422	-2.73481	0.02226	0.00422
ACA	ACC	AC	2.22701	0.00524	0.01307	-2.22701	0.04856	0.01307
ACG	TCG	AT	1.00257	0.00388	0.00614	-1.00257	0.01057	0.00614
ACG	CCG	AC	-1.84326	0.01406	0.00487	1.84326	0.00223	0.00487
ACG	ATG	CT	1.34045	0.00521	0.00946	-1.34045	0.01992	0.00946
ACG	ACT	GT	1.65523	0.00388	0.00793	-1.65523	0.02029	0.00793
ACG	ACC	GC	1.14743	0.01406	0.02363	-1.14743	0.04428	0.02363
ACG	ACA	GA	-1.07958	0.02186	0.01214	1.07958	0.00743	0.01214
AAT	TAT	AT	-0.05409	0.00442	0.00430	0.05409	0.00419	0.00430
AAT	CAT	AC	-2.55383	0.01604	0.00345	2.55383	0.00125	0.00345
AAT	ATT	AT	1.19955	0.00442	0.00759	-1.19955	0.01468	0.00759
AAT	ACT	AC	0.32771	0.01604	0.01881	-0.32771	0.02226	0.01881
AAC	TAC	AT	-1.58261	0.01667	0.00682	1.58261	0.00342	0.00682
AAC	CAC	AC	-3.32552	0.06044	0.00750	3.32552	0.00217	0.00750
AAC	ATC	AT	0.59583	0.01667	0.02212	-0.59583	0.03025	0.02212
AAC	ACC	AC	-0.21872	0.06044	0.05407	0.21872	0.04856	0.05407
AAC	AAT	CT	-0.03863	0.02241	0.02198	0.03863	0.02156	0.02198
AAA	CAA	AC	-0.22580	0.02902	0.02586	0.22580	0.02315	0.02586
AAA	ATA	AT	-3.01961	0.00800	0.00124	3.01961	0.00039	0.00124
AAA	ACA	AC	-1.56644	0.02902	0.01199	1.56644	0.00606	0.01199
AAA	AAT	AT	0.84066	0.00800	0.01183	-0.84066	0.01855	0.01183
AAA	AAC	AC	0.87929	0.02902	0.04362	-0.87929	0.06991	0.04362
AAG	CAG	AC	2.34213	0.00818	0.02120	-2.34213	0.08511	0.02120
AAG	ATG	AT	2.02743	0.00226	0.00527	-2.02743	0.01714	0.00527
AAG	ACG	AC	0.68698	0.00818	0.01131	-0.68698	0.01626	0.01131
AAG	AAT	GT	2.01450	0.00226	0.00524	-2.01450	0.01691	0.00524
AAG	AAC	GC	2.05313	0.00818	0.01927	-2.05313	0.06375	0.01927
AAG	AAA	GA	1.17384	0.01272	0.02162	-1.17384	0.04115	0.02162
AGT	TGT	AT	-0.68338	0.00149	0.00104	0.68338	0.00075	0.00104
AGT	CGT	AC	1.70079	0.00541	0.01126	-1.70079	0.02966	0.01126
AGT	ATT	GT	2.19326	0.00149	0.00369	-2.19326	0.01338	0.00369
AGT	ACT	GC	1.32142	0.00541	0.00976	-1.32142	0.02029	0.00976
AGT	AAT	GA	0.99371	0.00842	0.01328	-0.99371	0.02274	0.01328
AGC	TGC	AT	-1.68295	0.00873	0.00335	1.68295	0.00162	0.00335
AGC	CGC	AC	-0.94176	0.03167	0.01906	0.94176	0.01235	0.01906
AGC	ATC	GT	1.14981	0.00873	0.01470	-1.14981	0.02758	0.01470
AGC	ACC	GC	0.33526	0.03167	0.03727	-0.33526	0.04428	0.03727
AGC	AAC	GA	0.55398	0.04925	0.06414	-0.55398	0.08570	0.06414
AGC	AGT	CT	-0.47836	0.01174	0.00916	0.47836	0.00728	0.00916
AGA	CGA	AC	-0.29581	0.00175	0.00150	0.29581	0.00130	0.00150
AGA	ATA	GT	-0.30112	0.00048	0.00041	0.30112	0.00036	0.00041
AGA	ACA	GC	1.15205	0.00175	0.00294	-1.15205	0.00552	0.00294
AGA	AAA	GA	2.71849	0.00271	0.00790	-2.71849	0.04115	0.00790
AGA	AGT	AT	2.56544	0.00048	0.00134	-2.56544	0.00626	0.00134
AGA	AGC	AC	3.04380	0.00175	0.00558	-3.04380	0.03663	0.00558
AGG	TGG	AT	3.25535	0.00015	0.00052	-3.25535	0.00397	0.00052
AGG	CGG	AC	0.63942	0.00055	0.00075	-0.63942	0.00105	0.00075
AGG	ATG	GT	4.62622	0.00015	0.00071	-4.62622	0.01562	0.00071
AGG	ACG	GC	3.28577	0.00055	0.00189	-3.28577	0.01483	0.00189
AGG	AAG	GA	2.59879	0.00086	0.00242	-2.59879	0.01160	0.00242
AGG	AGT	GT	3.61958	0.00015	0.00057	-3.61958	0.00571	0.00057
AGG	AGC	GC	4.09795	0.00055	0.00231	-4.09795	0.03340	0.00231
AGG	AGA	GA	1.05414	0.00086	0.00140	-1.05414	0.00248	0.00140
GTT	TTT	GT	0.56401	0.00454	0.00595	-0.56401	0.00799	0.00595
GTT	CTT	GC	-1.31251	0.01648	0.00796	1.31251	0.00443	0.00796
GTT	ATT	GA	-0.35345	0.02562	0.02136	0.35345	0.01799	0.02136
GTC	TTC	GT	1.91067	0.00155	0.00347	-1.91067	0.01046	0.00347
GTC	CTC	GC	0.39720	0.00561	0.00680	-0.39720	0.00835	0.00680
GTC	ATC	GA	1.44605	0.00873	0.01652	-1.44605	0.03708	0.01652
GTC	GTT	CT	2.36458	0.00208	0.00543	-2.36458	0.02215	0.00543
GTA	TTA	GT	0.41068	0.00270	0.00330	-0.41068	0.00408	0.00330
GTA	CTA	GC	-1.76656	0.00980	0.00357	1.76656	0.00168	0.00357
GTA	ATA	GA	-3.46041	0.01525	0.00171	3.46041	0.00048	0.00171
GTA	GTT	AT	1.95285	0.00270	0.00615	-1.95285	0.01906	0.00615
GTA	GTC	AC	-0.41173	0.00980	0.00792	0.41173	0.00649	0.00792
GTG	TTG	GT	0.25611	0.00265	0.00300	-0.25611	0.00342	0.00300
GTG	CTG	GC	1.69014	0.00959	0.01988	-1.69014	0.05200	0.01988
GTG	ATG	GA	0.34207	0.01492	0.01762	-0.34207	0.02101	0.01762
GTG	GTT	GT	1.88214	0.00265	0.00587	-1.88214	0.01738	0.00587
GTG	GTC	GC	-0.48244	0.00959	0.00747	0.48244	0.00592	0.00747
GTG	GTA	GA	-0.07071	0.01492	0.01440	0.07071	0.01390	0.01440
GCT	TCT	GT	1.47208	0.01083	0.02069	-1.47208	0.04720	0.02069
GCT	CCT	GC	-10.57816	0.03927	0.00001	10.57816	0.00000	0.00000
GCT	ACT	GA	-0.80572	0.06107	0.03974	0.80572	0.02728	0.03974
GCT	GTT	CT	0.41957	0.01456	0.01783	-0.41957	0.02215	0.01783
GCC	TCC	GT	1.89005	0.00688	0.01532	-1.89005	0.04556	0.01532
GCC	CCC	GC	-10.12489	0.02496	0.00001	10.12489	0.00000	0.00000
GCC	ACC	GA	0.42782	0.03881	0.04770	-0.42782	0.05953	0.04770
GCC	GTC	CT	-0.20368	0.00925	0.00834	0.20368	0.00755	0.00834
GCC	GCT	CT	1.74133	0.00925	0.01954	-1.74133	0.05279	0.01954
GCA	TCA	GT	-0.19082	0.00816	0.00741	0.19082	0.00674	0.00741
GCA	CCA	GC	-4.58774	0.02959	0.00140	4.58774	0.00030	0.00140
GCA	ACA	GA	-1.82381	0.04601	0.01615	1.82381	0.00743	0.01615
GCA	GTA	CT	0.18344	0.01097	0.01201	-0.18344	0.01318	0.01201
GCA	GCT	AT	1.71672	0.00816	0.01708	-1.71672	0.04542	0.01708
GCA	GCC	AC	-0.02461	0.02959	0.02923	0.02461	0.02887	0.02923
GCG	TCG	GT	-0.23629	0.01220	0.01082	0.23629	0.00963	0.01082
GCG	CCG	GC	-3.08212	0.04424	0.00655	3.08212	0.00203	0.00655
GCG	ACG	GA	-1.23886	0.06881	0.03477	1.23886	0.01993	0.03477
GCG	GTG	CT	-0.24048	0.01641	0.01451	0.24048	0.01290	0.01451
GCG	GCT	GT	1.22209	0.01220	0.02114	-1.22209	0.04142	0.02114
GCG	GCC	GC	-0.51925	0.04424	0.03375	0.51925	0.02632	0.03375
GCG	GCA	GA	-0.49464	0.06881	0.05319	0.49464	0.04196	0.05319
GAT	TAT	GT	-0.43757	0.00592	0.00472	0.43757	0.00382	0.00472
GAT	CAT	GC	-2.93731	0.02146	0.00353	2.93731	0.00114	0.00353
GAT	AAT	GA	-0.38348	0.03337	0.02738	0.38348	0.02274	0.02738
GAT	GTT	AT	1.16952	0.00592	0.01004	-1.16952	0.01906	0.01004
GAT	GCT	AC	0.74995	0.02146	0.03050	-0.74995	0.04542	0.03050
GAC	TAC	GT	-0.98345	0.00835	0.00491	0.98345	0.00312	0.00491
GAC	CAC	GC	-2.72636	0.03027	0.00578	2.72636	0.00198	0.00578
GAC	AAC	GA	0.59916	0.04707	0.06258	-0.59916	0.08570	0.06258
GAC	GTC	AT	-0.25106	0.00835	0.00734	0.25106	0.00649	0.00734
GAC	GCC	AC	-0.04738	0.03027	0.02956	0.04738	0.02887	0.02956
GAC	GAT	CT	0.94401	0.01122	0.01734	-0.94401	0.02885	0.01734
GAA	CAA	GC	-0.22273	0.02638	0.02355	0.22273	0.02111	0.02355
GAA	AAA	GA	0.00307	0.04102	0.04109	-0.00307	0.04115	0.04109
GAA	GTA	AT	0.44387	0.00728	0.00901	-0.44387	0.01134	0.00901
GAA	GCA	AC	0.26043	0.02638	0.02996	-0.26043	0.03423	0.02996
GAA	GAT	AT	1.22721	0.00728	0.01263	-1.22721	0.02482	0.01263
GAA	GAC	AC	0.28320	0.02638	0.03029	-0.28320	0.03501	0.03029
GAG	CAG	GC	2.41682	0.00692	0.01837	-2.41682	0.07760	0.01837
GAG	AAG	GA	0.07469	0.01077	0.01117	-0.07469	0.01160	0.01117
GAG	GTG	AT	1.76005	0.00191	0.00406	-1.76005	0.01110	0.00406
GAG	GCG	AC	2.00053	0.00692	0.01602	-2.00053	0.05118	0.01602
GAG	GAT	GT	2.47267	0.00191	0.00516	-2.47267	0.02263	0.00516
GAG	GAC	GC	1.52866	0.00692	0.01351	-1.52866	0.03193	0.01351
GAG	GAA	GA	1.24546	0.01077	0.01883	-1.24546	0.03741	0.01883
GGT	TGT	GT	-2.45422	0.00800	0.00185	2.45422	0.00069	0.00185
GGT	CGT	GC	-0.07004	0.02900	0.02800	0.07004	0.02704	0.02800
GGT	AGT	GA	-1.77084	0.04511	0.01638	1.77084	0.00768	0.01638
GGT	GTT	GT	0.77587	0.00800	0.01150	-0.77587	0.01738	0.01150
GGT	GCT	GC	0.35630	0.02900	0.03448	-0.35630	0.04142	0.03448
GGT	GAT	GA	-0.39365	0.04511	0.03681	0.39365	0.03043	0.03681
GGC	TGC	GT	-1.51688	0.00675	0.00288	1.51688	0.00148	0.00288
GGC	CGC	GC	-0.77569	0.02446	0.01619	0.77569	0.01126	0.01619
GGC	AGC	GA	0.16607	0.03804	0.04128	-0.16607	0.04491	0.04128
GGC	GTC	GT	-0.13017	0.00675	0.00632	0.13017	0.00592	0.00632
GGC	GCC	GC	0.07351	0.02446	0.02537	-0.07351	0.02632	0.02537
GGC	GAC	GA	0.12089	0.03804	0.04038	-0.12089	0.04292	0.04038
GGC	GGT	CT	1.45854	0.00907	0.01724	-1.45854	0.03899	0.01724
GGA	CGA	GC	0.88436	0.00049	0.00074	-0.88436	0.00118	0.00074
GGA	AGA	GA	1.18017	0.00076	0.00130	-1.18017	0.00248	0.00130
GGA	GTA	GT	4.33947	0.00013	0.00059	-4.33947	0.01034	0.00059
GGA	GCA	GC	4.15603	0.00049	0.00206	-4.15603	0.03121	0.00206
GGA	GAA	GA	3.89559	0.00076	0.00302	-3.89559	0.03741	0.00302
GGA	GGT	AT	5.51644	0.00013	0.00075	-5.51644	0.03355	0.00075
GGA	GGC	AC	4.05790	0.00049	0.00202	-4.05790	0.02829	0.00202
GGG	TGG	GT	2.01778	0.00048	0.00112	-2.01778	0.00362	0.00112
GGG	CGG	GC	-0.59816	0.00174	0.00127	0.59816	0.00096	0.00127
GGG	AGG	GA	-1.23758	0.00271	0.00137	1.23758	0.00079	0.00137
GGG	GTG	GT	3.04657	0.00048	0.00154	-3.04657	0.01012	0.00154
GGG	GCG	GC	3.28706	0.00174	0.00595	-3.28706	0.04667	0.00595
GGG	GAG	GA	1.28652	0.00271	0.00482	-1.28652	0.00982	0.00482
GGG	GGT	GT	4.15284	0.00048	0.00203	-4.15284	0.03059	0.00203
GGG	GGC	GC	2.69430	0.00174	0.00504	-2.69430	0.02580	0.00504
GGG	GGA	GA	-1.36361	0.00271	0.00127	1.36361	0.00069	0.00127


Histograms
2Ns	FMut	FSub(CodonUsage)	FSubw(after w)

-11.47642	0.01472	0.00000
-10.32878	0.02013	0.00001
-9.18114	0.00203	0.00000
-8.03349	0.00024	0.00000
-6.88585	0.00037	0.00000
-5.73821	0.01075	0.00040
-4.59057	0.06561	0.00570
-3.44293	0.09838	0.01852
-2.29528	0.16742	0.07027
-1.14764	0.24249	0.19730
0.00000	0.27615	0.41559
1.14764	0.07836	0.19730
2.29528	0.01895	0.07027
3.44293	0.00353	0.01852
4.59057	0.00085	0.00570
5.73821	0.00005	0.00040
6.88585	0.00000	0.00000
8.03349	0.00000	0.00000
9.18114	0.00000	0.00000
10.32878	0.00000	0.00000
11.47642	0.00000	0.00000

Proportion of advantageous (S > 0) mutations:
 0.21977

Proportions of good & bad mutations (|S| > 2.0000) among mutations:
0.01605  0.33476

mean |Ns| = 1.96669	mean Ns+ = 0.78745	mean Ns- = -2.29885


MLEs of dN/dS (w) for site classes (K=2)

p:   0.79686  0.20314
w:   0.04449  1.00000

Naive Empirical Bayes (NEB) probabilities for 2 classes & postmean_w
(amino acids refer to 1st sequence: WP_101892983.1)

   1 I   1.00000 0.00000 ( 1)  0.044
   2 N   0.99658 0.00342 ( 1)  0.048
   3 T   0.99995 0.00005 ( 1)  0.045
   4 N   1.00000 0.00000 ( 1)  0.044
   5 I   0.99240 0.00760 ( 1)  0.052
   6 S   0.21517 0.78483 ( 2)  0.794
   7 S   0.96974 0.03026 ( 1)  0.073
   8 I   0.99969 0.00031 ( 1)  0.045
   9 N   0.99985 0.00015 ( 1)  0.045
  10 A   1.00000 0.00000 ( 1)  0.044
  11 Q   0.99998 0.00002 ( 1)  0.045
  12 R   0.97425 0.02575 ( 1)  0.069
  13 N   0.99782 0.00218 ( 1)  0.047
  14 L   1.00000 0.00000 ( 1)  0.044
  15 N   0.00004 0.99996 ( 2)  1.000
  16 K   0.07317 0.92683 ( 2)  0.930
  17 S   0.43456 0.56544 ( 2)  0.585
  18 Q   0.00029 0.99971 ( 2)  1.000
  19 G   0.50488 0.49512 ( 1)  0.518
  20 S   0.00022 0.99978 ( 2)  1.000
  21 L   1.00000 0.00000 ( 1)  0.044
  22 Q   0.00015 0.99985 ( 2)  1.000
  23 T   0.82620 0.17380 ( 1)  0.211
  24 S   0.96738 0.03262 ( 1)  0.076
  25 L   0.99999 0.00001 ( 1)  0.044
  26 Q   0.99992 0.00008 ( 1)  0.045
  27 R   1.00000 0.00000 ( 1)  0.044
  28 L   1.00000 0.00000 ( 1)  0.044
  29 S   0.99898 0.00102 ( 1)  0.045
  30 S   0.96649 0.03351 ( 1)  0.077
  31 G   1.00000 0.00000 ( 1)  0.044
  32 L   0.75185 0.24815 ( 1)  0.282
  33 R   1.00000 0.00000 ( 1)  0.044
  34 I   1.00000 0.00000 ( 1)  0.044
  35 N   1.00000 0.00000 ( 1)  0.044
  36 S   0.95139 0.04861 ( 1)  0.091
  37 A   1.00000 0.00000 ( 1)  0.044
  38 K   0.98355 0.01645 ( 1)  0.060
  39 D   1.00000 0.00000 ( 1)  0.044
  40 D   1.00000 0.00000 ( 1)  0.044
  41 A   1.00000 0.00000 ( 1)  0.044
  42 A   1.00000 0.00000 ( 1)  0.044
  43 G   1.00000 0.00000 ( 1)  0.044
  44 L   1.00000 0.00000 ( 1)  0.044
  45 A   0.86916 0.13084 ( 1)  0.170
  46 I   1.00000 0.00000 ( 1)  0.044
  47 S   0.91088 0.08912 ( 1)  0.130
  48 N   0.99143 0.00857 ( 1)  0.053
  49 R   0.99998 0.00002 ( 1)  0.045
  50 F   1.00000 0.00000 ( 1)  0.044
  51 T   0.99710 0.00290 ( 1)  0.047
  52 T   0.99259 0.00741 ( 1)  0.052
  53 Q   1.00000 0.00000 ( 1)  0.044
  54 V   1.00000 0.00000 ( 1)  0.044
  55 R   0.95495 0.04505 ( 1)  0.088
  56 G   1.00000 0.00000 ( 1)  0.044
  57 M   0.99998 0.00002 ( 1)  0.045
  58 N   1.00000 0.00000 ( 1)  0.044
  59 V   0.26002 0.73998 ( 2)  0.752
  60 A   1.00000 0.00000 ( 1)  0.044
  61 I   0.23920 0.76080 ( 2)  0.771
  62 R   1.00000 0.00000 ( 1)  0.044
  63 N   1.00000 0.00000 ( 1)  0.044
  64 A   0.99999 0.00001 ( 1)  0.044
  65 N   0.98774 0.01226 ( 1)  0.056
  66 D   1.00000 0.00000 ( 1)  0.044
  67 G   1.00000 0.00000 ( 1)  0.044
  68 I   1.00000 0.00000 ( 1)  0.044
  69 S   0.61120 0.38880 ( 1)  0.416
  70 L   1.00000 0.00000 ( 1)  0.044
  71 A   1.00000 0.00000 ( 1)  0.044
  72 Q   1.00000 0.00000 ( 1)  0.044
  73 T   0.99993 0.00007 ( 1)  0.045
  74 T   1.00000 0.00000 ( 1)  0.044
  75 E   1.00000 0.00000 ( 1)  0.044
  76 S   0.99556 0.00444 ( 1)  0.049
  77 A   0.99999 0.00001 ( 1)  0.044
  78 L   0.98594 0.01406 ( 1)  0.058
  79 D   0.00014 0.99986 ( 2)  1.000
  80 E   1.00000 0.00000 ( 1)  0.044
  81 I   0.99992 0.00008 ( 1)  0.045
  82 T   0.95682 0.04318 ( 1)  0.086
  83 T   0.99984 0.00016 ( 1)  0.045
  84 S   0.69232 0.30768 ( 1)  0.338
  85 L   1.00000 0.00000 ( 1)  0.044
  86 Q   0.99990 0.00010 ( 1)  0.045
  87 R   1.00000 0.00000 ( 1)  0.044
  88 I   1.00000 0.00000 ( 1)  0.044
  89 R   1.00000 0.00000 ( 1)  0.044
  90 D   0.99991 0.00009 ( 1)  0.045
  91 L   1.00000 0.00000 ( 1)  0.044
  92 A   0.91874 0.08126 ( 1)  0.122
  93 V   0.99999 0.00001 ( 1)  0.044
  94 Q   0.99999 0.00001 ( 1)  0.044
  95 S   0.64943 0.35057 ( 1)  0.379
  96 A   0.05914 0.94086 ( 2)  0.943
  97 N   0.99996 0.00004 ( 1)  0.045
  98 D   0.85895 0.14105 ( 1)  0.179
  99 T   0.99773 0.00227 ( 1)  0.047
 100 N   0.99999 0.00001 ( 1)  0.044
 101 D   1.00000 0.00000 ( 1)  0.044
 102 R   1.00000 0.00000 ( 1)  0.044
 103 I   0.02829 0.97171 ( 2)  0.973
 104 S   0.06266 0.93734 ( 2)  0.940
 105 L   1.00000 0.00000 ( 1)  0.044
 106 Q   0.99935 0.00065 ( 1)  0.045
 107 A   0.53853 0.46147 ( 1)  0.485
 108 E   1.00000 0.00000 ( 1)  0.044
 109 V   1.00000 0.00000 ( 1)  0.044
 110 D   0.00050 0.99950 ( 2)  1.000
 111 Q   0.06202 0.93798 ( 2)  0.941
 112 L   1.00000 0.00000 ( 1)  0.044
 113 I   0.03319 0.96681 ( 2)  0.968
 114 D   0.00083 0.99917 ( 2)  0.999
 115 E   1.00000 0.00000 ( 1)  0.044
 116 V   0.99998 0.00002 ( 1)  0.045
 117 D   0.98493 0.01507 ( 1)  0.059
 118 R   1.00000 0.00000 ( 1)  0.044
 119 I   1.00000 0.00000 ( 1)  0.044
 120 A   0.99530 0.00470 ( 1)  0.049
 121 T   0.55905 0.44095 ( 1)  0.466
 122 T   0.06008 0.93992 ( 2)  0.943
 123 T   1.00000 0.00000 ( 1)  0.044
 124 T   0.00002 0.99998 ( 2)  1.000
 125 F   1.00000 0.00000 ( 1)  0.044
 126 N   0.87884 0.12116 ( 1)  0.160
 127 G   1.00000 0.00000 ( 1)  0.044
 128 R   0.01577 0.98423 ( 2)  0.985
 129 N   1.00000 0.00000 ( 1)  0.044
 130 V   0.99999 0.00001 ( 1)  0.044
 131 L   1.00000 0.00000 ( 1)  0.044
 132 D   0.99981 0.00019 ( 1)  0.045
 133 G   0.99995 0.00005 ( 1)  0.045
 134 T   0.01737 0.98263 ( 2)  0.983
 135 L   0.99990 0.00010 ( 1)  0.045
 136 S   0.00021 0.99979 ( 2)  1.000
 137 S   0.00010 0.99990 ( 2)  1.000
 138 I   0.02556 0.97444 ( 2)  0.976
 139 T   0.99999 0.00001 ( 1)  0.044
 140 G   0.99896 0.00104 ( 1)  0.045
 141 V   0.99998 0.00002 ( 1)  0.045
 142 T   0.00511 0.99489 ( 2)  0.995
 143 I   0.99979 0.00021 ( 1)  0.045
 144 A   0.68419 0.31581 ( 1)  0.346
 145 N   0.13182 0.86818 ( 2)  0.874
 146 S   0.05622 0.94378 ( 2)  0.946
 147 L   0.04786 0.95214 ( 2)  0.954
 148 D   0.99943 0.00057 ( 1)  0.045
 149 G   0.99991 0.00009 ( 1)  0.045
 150 A   0.99239 0.00761 ( 1)  0.052
 151 N   0.00466 0.99534 ( 2)  0.996
 152 L   0.00565 0.99435 ( 2)  0.995
 153 T   0.97168 0.02832 ( 1)  0.072
 154 M   1.00000 0.00000 ( 1)  0.044
 155 D   0.05306 0.94694 ( 2)  0.949
 156 S   0.00000 1.00000 ( 2)  1.000
 157 V   0.99998 0.00002 ( 1)  0.045
 158 D   1.00000 0.00000 ( 1)  0.044
 159 S   0.00003 0.99997 ( 2)  1.000
 160 A   0.99998 0.00002 ( 1)  0.045
 161 L   1.00000 0.00000 ( 1)  0.044
 162 A   0.00068 0.99932 ( 2)  0.999
 163 Q   0.00015 0.99985 ( 2)  1.000
 164 I   1.00000 0.00000 ( 1)  0.044
 165 D   0.19904 0.80096 ( 2)  0.810
 166 G   0.14586 0.85414 ( 2)  0.861
 167 F   0.00019 0.99981 ( 2)  1.000
 168 R   1.00000 0.00000 ( 1)  0.044
 169 G   0.99116 0.00884 ( 1)  0.053
 170 E   0.99966 0.00034 ( 1)  0.045
 171 L   1.00000 0.00000 ( 1)  0.044
 172 G   1.00000 0.00000 ( 1)  0.044
 173 A   1.00000 0.00000 ( 1)  0.044
 174 I   0.96464 0.03536 ( 1)  0.078
 175 Q   0.99929 0.00071 ( 1)  0.045
 176 N   1.00000 0.00000 ( 1)  0.044
 177 R   1.00000 0.00000 ( 1)  0.044
 178 F   1.00000 0.00000 ( 1)  0.044
 179 E   0.99993 0.00007 ( 1)  0.045
 180 S   0.86997 0.13003 ( 1)  0.169
 181 T   0.99995 0.00005 ( 1)  0.045
 182 I   0.99998 0.00002 ( 1)  0.045
 183 R   0.13265 0.86735 ( 2)  0.873
 184 N   1.00000 0.00000 ( 1)  0.044
 185 L   1.00000 0.00000 ( 1)  0.044
 186 S   0.00014 0.99986 ( 2)  1.000
 187 A   0.98064 0.01936 ( 1)  0.063
 188 V   0.98927 0.01073 ( 1)  0.055
 189 A   0.34751 0.65249 ( 2)  0.668
 190 E   1.00000 0.00000 ( 1)  0.044
 191 S   0.99974 0.00026 ( 1)  0.045
 192 L   0.99999 0.00001 ( 1)  0.044
 193 S   0.06947 0.93053 ( 2)  0.934
 194 A   0.98628 0.01372 ( 1)  0.058
 195 A   0.99822 0.00178 ( 1)  0.046
 196 N   0.99516 0.00484 ( 1)  0.049
 197 S   0.98883 0.01117 ( 1)  0.055
 198 R   1.00000 0.00000 ( 1)  0.044
 199 I   1.00000 0.00000 ( 1)  0.044
 200 R   0.99317 0.00683 ( 1)  0.051
 201 D   1.00000 0.00000 ( 1)  0.044
 202 A   0.99991 0.00009 ( 1)  0.045
 203 D   1.00000 0.00000 ( 1)  0.044
 204 F   1.00000 0.00000 ( 1)  0.044
 205 A   0.99999 0.00001 ( 1)  0.044
 206 A   0.88049 0.11951 ( 1)  0.159
 207 E   1.00000 0.00000 ( 1)  0.044
 208 T   0.99994 0.00006 ( 1)  0.045
 209 A   0.99999 0.00001 ( 1)  0.044
 210 N   0.87644 0.12356 ( 1)  0.163
 211 L   1.00000 0.00000 ( 1)  0.044
 212 S   1.00000 0.00000 ( 1)  0.044
 213 K   0.99997 0.00003 ( 1)  0.045
 214 N   0.10413 0.89587 ( 2)  0.901
 215 Q   1.00000 0.00000 ( 1)  0.044
 216 V   1.00000 0.00000 ( 1)  0.044
 217 L   0.99999 0.00001 ( 1)  0.044
 218 Q   1.00000 0.00000 ( 1)  0.044
 219 Q   1.00000 0.00000 ( 1)  0.044
 220 A   1.00000 0.00000 ( 1)  0.044
 221 G   0.99999 0.00001 ( 1)  0.045
 222 I   0.99300 0.00700 ( 1)  0.051
 223 S   0.98986 0.01014 ( 1)  0.054
 224 V   1.00000 0.00000 ( 1)  0.044
 225 L   1.00000 0.00000 ( 1)  0.044
 226 A   0.99911 0.00089 ( 1)  0.045
 227 Q   1.00000 0.00000 ( 1)  0.044
 228 A   1.00000 0.00000 ( 1)  0.044
 229 N   1.00000 0.00000 ( 1)  0.044
 230 G   0.00118 0.99882 ( 2)  0.999
 231 L   0.00154 0.99846 ( 2)  0.999
 232 P   1.00000 0.00000 ( 1)  0.044
 233 Q   1.00000 0.00000 ( 1)  0.044
 234 Q   0.00047 0.99953 ( 2)  1.000
 235 V   0.99994 0.00006 ( 1)  0.045
 236 L   1.00000 0.00000 ( 1)  0.044
 237 S   0.00525 0.99475 ( 2)  0.995
 238 L   1.00000 0.00000 ( 1)  0.044
 239 L   1.00000 0.00000 ( 1)  0.044
 240 Q   0.99735 0.00265 ( 1)  0.047


lnL = -8142.490762


Model 2: PositiveSelection
I	J	ij	2Ns_IJ	pMut_IJ	pSub_IJ	2Ns_JI	pMut_JI	pSub_JI

TTC	TTT	CT	0.84392	0.00339	0.00502	-0.84392	0.00789	0.00502
TTA	TTT	AT	1.94026	0.00108	0.00245	-1.94026	0.00751	0.00245
TTA	TTC	AC	1.09634	0.00333	0.00549	-1.09634	0.00998	0.00549
TTG	TTT	GT	2.06582	0.00096	0.00227	-2.06582	0.00758	0.00227
TTG	TTC	GC	1.22190	0.00297	0.00514	-1.22190	0.01007	0.00514
TTG	TTA	GA	0.12556	0.00444	0.00472	-0.12556	0.00503	0.00472
TCT	TTT	CT	-0.66854	0.01540	0.01082	0.66854	0.00789	0.01082
TCC	TTC	CT	-0.35158	0.01489	0.01243	0.35158	0.01048	0.01243
TCC	TCT	CT	1.16089	0.01489	0.02518	-1.16089	0.04756	0.02518
TCA	TTA	CT	0.64018	0.00220	0.00298	-0.64018	0.00418	0.00298
TCA	TCT	AT	3.24898	0.00176	0.00594	-3.24898	0.04529	0.00594
TCA	TCC	AC	2.08809	0.00543	0.01294	-2.08809	0.04382	0.01294
TCG	TTG	CT	0.16567	0.00315	0.00342	-0.16567	0.00372	0.00342
TCG	TCT	GT	2.90003	0.00251	0.00771	-2.90003	0.04569	0.00771
TCG	TCC	GC	1.73915	0.00777	0.01638	-1.73915	0.04420	0.01638
TCG	TCA	GA	-0.34895	0.01161	0.00971	0.34895	0.00819	0.00971
TAT	TTT	AT	1.94318	0.00108	0.00244	-1.94318	0.00751	0.00244
TAT	TCT	AC	2.61172	0.00332	0.00937	-2.61172	0.04529	0.00937
TAC	TTC	AT	2.46260	0.00085	0.00229	-2.46260	0.00998	0.00229
TAC	TCC	AC	2.81418	0.00263	0.00786	-2.81418	0.04382	0.00786
TAC	TAT	CT	1.36335	0.00107	0.00195	-1.36335	0.00417	0.00195
TGT	TTT	GT	3.64906	0.00020	0.00074	-3.64906	0.00758	0.00074
TGT	TCT	GC	4.31760	0.00061	0.00267	-4.31760	0.04569	0.00267
TGT	TAT	GA	1.70588	0.00091	0.00190	-1.70588	0.00502	0.00190
TGC	TTC	GT	3.11220	0.00045	0.00146	-3.11220	0.01007	0.00146
TGC	TCC	GC	3.46377	0.00138	0.00495	-3.46377	0.04420	0.00495
TGC	TAC	GA	0.64959	0.00207	0.00281	-0.64959	0.00396	0.00281
TGC	TGT	CT	0.30706	0.00056	0.00065	-0.30706	0.00076	0.00065
TGG	TTG	GT	1.34143	0.00093	0.00170	-1.34143	0.00357	0.00170
TGG	TCG	GC	1.17575	0.00289	0.00491	-1.17575	0.00935	0.00491
TGG	TGT	GT	-0.24181	0.00093	0.00083	0.24181	0.00073	0.00083
TGG	TGC	GC	-0.54887	0.00289	0.00217	0.54887	0.00167	0.00217
CTT	TTT	CT	1.66860	0.00149	0.00306	-1.66860	0.00789	0.00306
CTC	TTC	CT	1.33637	0.00275	0.00499	-1.33637	0.01048	0.00499
CTC	CTT	CT	0.51169	0.00275	0.00352	-0.51169	0.00459	0.00352
CTA	TTA	CT	1.95760	0.00059	0.00134	-1.95760	0.00418	0.00134
CTA	CTT	AT	2.22925	0.00047	0.00118	-2.22925	0.00438	0.00118
CTA	CTC	AC	1.71757	0.00145	0.00304	-1.71757	0.00810	0.00304
CTG	TTG	CT	-1.56516	0.01779	0.00736	1.56516	0.00372	0.00736
CTG	CTT	GT	-1.16795	0.01419	0.00748	1.16795	0.00441	0.00748
CTG	CTC	GC	-1.67964	0.04384	0.01687	1.67964	0.00817	0.01687
CTG	CTA	GA	-3.39720	0.06557	0.00771	3.39720	0.00219	0.00771
CCT	TCT	CT	11.85747	0.00000	0.00000	-11.85747	0.04756	0.00000
CCT	CTT	CT	9.52033	0.00000	0.00000	-9.52033	0.00459	0.00000
CCC	TCC	CT	11.82442	0.00000	0.00000	-11.82442	0.04601	0.00000
CCC	CTC	CT	10.13648	0.00000	0.00000	-10.13648	0.00851	0.00000
CCC	CCT	CT	1.12784	0.00000	0.00000	-1.12784	0.00000	0.00000
CCA	TCA	CT	4.17301	0.00010	0.00044	-4.17301	0.00681	0.00044
CCA	CTA	CT	2.85559	0.00010	0.00032	-2.85559	0.00182	0.00032
CCA	CCT	AT	-4.43548	0.00008	0.00000	4.43548	0.00000	0.00000
CCA	CCC	AC	-5.56332	0.00026	0.00001	5.56332	0.00000	0.00000
CCG	TCG	CT	2.60757	0.00072	0.00202	-2.60757	0.00973	0.00202
CCG	CTG	CT	4.33841	0.00072	0.00315	-4.33841	0.05494	0.00315
CCG	CCT	GT	-6.34987	0.00057	0.00001	6.34987	0.00000	0.00000
CCG	CCC	GC	-7.47771	0.00177	0.00001	7.47771	0.00000	0.00000
CCG	CCA	GA	-1.91439	0.00264	0.00088	1.91439	0.00039	0.00088
CAT	TAT	CT	2.31680	0.00041	0.00106	-2.31680	0.00417	0.00106
CAT	CTT	AT	2.59138	0.00033	0.00092	-2.59138	0.00438	0.00092
CAT	CCT	AC	-6.92895	0.00101	0.00001	6.92895	0.00000	0.00000
CAC	TAC	CT	1.62540	0.00065	0.00131	-1.62540	0.00329	0.00131
CAC	CTC	AT	2.75164	0.00052	0.00152	-2.75164	0.00810	0.00152
CAC	CCC	AC	-7.38484	0.00160	0.00001	7.38484	0.00000	0.00000
CAC	CAT	CT	0.67195	0.00065	0.00089	-0.67195	0.00127	0.00089
CAA	CTA	AT	-1.16536	0.00557	0.00294	1.16536	0.00174	0.00294
CAA	CCA	AC	-4.02096	0.01720	0.00126	4.02096	0.00031	0.00126
CAA	CAT	AT	-1.52749	0.00557	0.00236	1.52749	0.00121	0.00236
CAA	CAC	AC	-2.19944	0.01720	0.00472	2.19944	0.00191	0.00472
CAG	CTG	AT	0.95423	0.02015	0.03127	-0.95423	0.05232	0.03127
CAG	CCG	AC	-3.38418	0.06224	0.00739	3.38418	0.00211	0.00739
CAG	CAT	GT	-2.80509	0.02015	0.00364	2.80509	0.00122	0.00364
CAG	CAC	GC	-3.47704	0.06224	0.00690	3.47704	0.00192	0.00690
CAG	CAA	GA	-1.27760	0.09310	0.04596	1.27760	0.02595	0.04596
CGT	TGT	CT	-2.51931	0.00948	0.00209	2.51931	0.00076	0.00209
CGT	CTT	GT	-0.53885	0.00757	0.00571	0.53885	0.00441	0.00571
CGT	CCT	GC	-10.05918	0.02337	0.00001	10.05918	0.00000	0.00000
CGT	CAT	GA	-3.13023	0.03495	0.00500	3.13023	0.00153	0.00500
CGC	TGC	CT	-0.83788	0.00401	0.00256	0.83788	0.00173	0.00256
CGC	CTC	GT	0.93795	0.00320	0.00493	-0.93795	0.00817	0.00493
CGC	CCC	GC	-9.19853	0.00988	0.00001	9.19853	0.00000	0.00000
CGC	CAC	GA	-1.81369	0.01478	0.00522	1.81369	0.00241	0.00522
CGC	CGT	CT	1.98848	0.00401	0.00924	-1.98848	0.02929	0.00924
CGA	CTA	GT	1.74805	0.00030	0.00065	-1.74805	0.00175	0.00065
CGA	CCA	GC	-1.10754	0.00094	0.00051	1.10754	0.00031	0.00051
CGA	CAA	GA	2.91341	0.00141	0.00434	-2.91341	0.02595	0.00434
CGA	CGT	AT	4.51615	0.00030	0.00139	-4.51615	0.02789	0.00139
CGA	CGC	AC	2.52767	0.00094	0.00259	-2.52767	0.01180	0.00259
CGG	TGG	CT	2.38369	0.00033	0.00088	-2.38369	0.00362	0.00088
CGG	CTG	GT	5.29028	0.00027	0.00141	-5.29028	0.05278	0.00141
CGG	CCG	GC	0.95188	0.00082	0.00127	-0.95188	0.00213	0.00127
CGG	CAG	GA	4.33605	0.00123	0.00540	-4.33605	0.09392	0.00540
CGG	CGT	GT	4.66119	0.00027	0.00125	-4.66119	0.02814	0.00125
CGG	CGC	GC	2.67270	0.00082	0.00236	-2.67270	0.01190	0.00236
CGG	CGA	GA	0.14503	0.00123	0.00132	-0.14503	0.00142	0.00132
ATT	TTT	AT	0.70195	0.00372	0.00518	-0.70195	0.00751	0.00518
ATT	CTT	AC	-0.96666	0.01150	0.00683	0.96666	0.00438	0.00683
ATC	TTC	AT	0.26909	0.00763	0.00870	-0.26909	0.00998	0.00870
ATC	CTC	AC	-1.06728	0.02356	0.01318	1.06728	0.00810	0.01318
ATC	ATT	CT	0.41107	0.00956	0.01166	-0.41107	0.01442	0.01166
ATA	TTA	AT	3.65041	0.00010	0.00039	-3.65041	0.00398	0.00039
ATA	CTA	AC	1.69281	0.00032	0.00066	-1.69281	0.00174	0.00066
ATA	ATT	AT	4.88872	0.00010	0.00051	-4.88872	0.01373	0.00051
ATA	ATC	AC	4.47766	0.00032	0.00145	-4.47766	0.02811	0.00145
ATG	TTG	AT	-0.23090	0.00446	0.00397	0.23090	0.00354	0.00397
ATG	CTG	AC	1.33426	0.01378	0.02496	-1.33426	0.05232	0.02496
ATG	ATT	GT	1.13297	0.00446	0.00745	-1.13297	0.01385	0.00745
ATG	ATC	GC	0.72191	0.01378	0.01935	-0.72191	0.02836	0.01935
ATG	ATA	GA	-3.75575	0.02061	0.00185	3.75575	0.00048	0.00185
ACT	TCT	AT	2.09424	0.00558	0.01332	-2.09424	0.04529	0.01332
ACT	CCT	AC	-9.76323	0.01723	0.00001	9.76323	0.00000	0.00000
ACT	ATT	CT	0.72376	0.00699	0.00982	-0.72376	0.01442	0.00982
ACC	TCC	AT	1.28377	0.01214	0.02155	-1.28377	0.04382	0.02155
ACC	CCC	AC	-10.54066	0.03749	0.00001	10.54066	0.00000	0.00000
ACC	ATC	CT	0.66310	0.01521	0.02081	-0.66310	0.02952	0.02081
ACC	ACT	CT	0.35041	0.01521	0.01803	-0.35041	0.02159	0.01803
ACA	TCA	AT	1.46189	0.00150	0.00286	-1.46189	0.00648	0.00286
ACA	CCA	AC	-2.71112	0.00464	0.00090	2.71112	0.00031	0.00090
ACA	ATA	CT	-1.54834	0.00188	0.00079	1.54834	0.00040	0.00079
ACA	ACT	AT	2.61663	0.00150	0.00424	-2.61663	0.02057	0.00424
ACA	ACC	AC	2.26622	0.00464	0.01173	-2.26622	0.04475	0.01173
ACG	TCG	AT	0.81270	0.00411	0.00601	-0.81270	0.00927	0.00601
ACG	CCG	AC	-1.79487	0.01270	0.00454	1.79487	0.00211	0.00454
ACG	ATG	CT	1.20927	0.00515	0.00888	-1.20927	0.01727	0.00888
ACG	ACT	GT	1.61849	0.00411	0.00830	-1.61849	0.02075	0.00830
ACG	ACC	GC	1.26808	0.01270	0.02241	-1.26808	0.04514	0.02241
ACG	ACA	GA	-0.99814	0.01900	0.01107	0.99814	0.00700	0.01107
AAT	TAT	AT	-0.16839	0.00470	0.00431	0.16839	0.00397	0.00431
AAT	CAT	AC	-2.48519	0.01451	0.00328	2.48519	0.00121	0.00328
AAT	ATT	AT	1.07285	0.00470	0.00766	-1.07285	0.01373	0.00766
AAT	ACT	AC	0.34909	0.01451	0.01718	-0.34909	0.02057	0.01718
AAC	TAC	AT	-1.72081	0.01752	0.00657	1.72081	0.00314	0.00657
AAC	CAC	AC	-3.34622	0.05413	0.00661	3.34622	0.00191	0.00661
AAC	ATC	AT	0.47270	0.01752	0.02199	-0.47270	0.02811	0.02199
AAC	ACC	AC	-0.19040	0.05413	0.04914	0.19040	0.04475	0.04914
AAC	AAT	CT	-0.18908	0.02196	0.01995	0.18908	0.01818	0.01995
AAA	CAA	AC	-0.27863	0.02712	0.02352	0.27863	0.02052	0.02352
AAA	ATA	AT	-3.13681	0.00878	0.00125	3.13681	0.00038	0.00125
AAA	ACA	AC	-1.58847	0.02712	0.01106	1.58847	0.00554	0.01106
AAA	AAT	AT	0.67907	0.00878	0.01209	-0.67907	0.01731	0.01209
AAA	AAC	AC	0.86815	0.02712	0.04057	-0.86815	0.06461	0.04057
AAG	CAG	AC	2.29540	0.00748	0.01910	-2.29540	0.07429	0.01910
AAG	ATG	AT	1.91537	0.00242	0.00544	-1.91537	0.01645	0.00544
AAG	ACG	AC	0.70609	0.00748	0.01043	-0.70609	0.01516	0.01043
AAG	AAT	GT	1.97549	0.00242	0.00556	-1.97549	0.01746	0.00556
AAG	AAC	GC	2.16457	0.00748	0.01830	-2.16457	0.06518	0.01830
AAG	AAA	GA	1.29642	0.01119	0.01997	-1.29642	0.04092	0.01997
AGT	TGT	AT	-0.76357	0.00156	0.00104	0.76357	0.00073	0.00104
AGT	CGT	AC	1.75574	0.00482	0.01023	-1.75574	0.02789	0.01023
AGT	ATT	GT	2.18355	0.00156	0.00384	-2.18355	0.01385	0.00384
AGT	ACT	GC	1.45979	0.00482	0.00916	-1.45979	0.02075	0.00916
AGT	AAT	GA	1.11070	0.00721	0.01194	-1.11070	0.02189	0.01194
AGC	TGC	AT	-1.71171	0.00915	0.00345	1.71171	0.00165	0.00345
AGC	CGC	AC	-0.87383	0.02826	0.01769	0.87383	0.01180	0.01769
AGC	ATC	GT	1.13139	0.00915	0.01528	-1.13139	0.02836	0.01528
AGC	ACC	GC	0.46829	0.02826	0.03539	-0.46829	0.04514	0.03539
AGC	AAC	GA	0.65869	0.04227	0.05771	-0.65869	0.08168	0.05771
AGC	AGT	CT	-0.64109	0.01147	0.00818	0.64109	0.00604	0.00818
AGA	CGA	AC	-0.35273	0.00160	0.00133	0.35273	0.00112	0.00133
AGA	ATA	GT	-0.29749	0.00052	0.00044	0.29749	0.00038	0.00044
AGA	ACA	GC	1.25085	0.00160	0.00280	-1.25085	0.00559	0.00280
AGA	AAA	GA	2.83932	0.00239	0.00721	-2.83932	0.04092	0.00721
AGA	AGT	AT	2.40768	0.00052	0.00137	-2.40768	0.00575	0.00137
AGA	AGC	AC	3.04878	0.00160	0.00512	-3.04878	0.03373	0.00512
AGG	TGG	AT	3.20613	0.00014	0.00047	-3.20613	0.00344	0.00047
AGG	CGG	AC	0.82244	0.00043	0.00063	-0.82244	0.00098	0.00063
AGG	ATG	GT	4.77846	0.00014	0.00067	-4.77846	0.01659	0.00067
AGG	ACG	GC	3.56919	0.00043	0.00158	-3.56919	0.01529	0.00158
AGG	AAG	GA	2.86310	0.00064	0.00196	-2.86310	0.01129	0.00196
AGG	AGT	GT	3.72789	0.00014	0.00053	-3.72789	0.00580	0.00053
AGG	AGC	GC	4.36898	0.00043	0.00191	-4.36898	0.03403	0.00191
AGG	AGA	GA	1.32020	0.00064	0.00116	-1.32020	0.00241	0.00116
GTT	TTT	GT	0.49425	0.00462	0.00586	-0.49425	0.00758	0.00586
GTT	CTT	GC	-1.17435	0.01428	0.00750	1.17435	0.00441	0.00750
GTT	ATT	GA	-0.20769	0.02136	0.01922	0.20769	0.01736	0.01922
GTC	TTC	GT	1.83725	0.00160	0.00350	-1.83725	0.01007	0.00350
GTC	CTC	GC	0.50088	0.00495	0.00630	-0.50088	0.00817	0.00630
GTC	ATC	GA	1.56816	0.00741	0.01468	-1.56816	0.03554	0.01468
GTC	GTT	CT	2.18692	0.00201	0.00495	-2.18692	0.01790	0.00495
GTA	TTA	GT	0.38036	0.00274	0.00330	-0.38036	0.00401	0.00330
GTA	CTA	GC	-1.57724	0.00848	0.00348	1.57724	0.00175	0.00348
GTA	ATA	GA	-3.27005	0.01268	0.00164	3.27005	0.00048	0.00164
GTA	GTT	AT	1.82636	0.00274	0.00597	-1.82636	0.01705	0.00597
GTA	GTC	AC	-0.36055	0.00848	0.00704	0.36055	0.00591	0.00704
GTG	TTG	GT	0.26838	0.00273	0.00311	-0.26838	0.00357	0.00311
GTG	CTG	GC	1.83354	0.00844	0.01841	-1.83354	0.05278	0.01841
GTG	ATG	GA	0.49928	0.01262	0.01603	-0.49928	0.02079	0.01603
GTG	GTT	GT	1.83994	0.00273	0.00597	-1.83994	0.01720	0.00597
GTG	GTC	GC	-0.34697	0.00844	0.00706	0.34697	0.00596	0.00706
GTG	GTA	GA	0.01358	0.01262	0.01271	-0.01358	0.01279	0.01271
GCT	TCT	GT	1.45920	0.01062	0.02019	-1.45920	0.04569	0.02019
GCT	CCT	GC	-10.39827	0.03280	0.00001	10.39827	0.00000	0.00000
GCT	ACT	GA	-0.63504	0.04906	0.03512	0.63504	0.02600	0.03512
GCT	GTT	CT	0.29641	0.01331	0.01538	-0.29641	0.01790	0.01538
GCC	TCC	GT	1.87264	0.00679	0.01504	-1.87264	0.04420	0.01504
GCC	CCC	GC	-9.95178	0.02099	0.00001	9.95178	0.00000	0.00000
GCC	ACC	GA	0.58888	0.03139	0.04154	-0.58888	0.05657	0.04154
GCC	GTC	CT	-0.31618	0.00852	0.00724	0.31618	0.00621	0.00724
GCC	GCT	CT	1.57433	0.00852	0.01691	-1.57433	0.04111	0.01691
GCA	TCA	GT	-0.20696	0.00804	0.00724	0.20696	0.00654	0.00724
GCA	CCA	GC	-4.37997	0.02484	0.00138	4.37997	0.00031	0.00138
GCA	ACA	GA	-1.66885	0.03715	0.01440	1.66885	0.00700	0.01440
GCA	GTA	CT	0.05286	0.01008	0.01035	-0.05286	0.01062	0.01035
GCA	GCT	AT	1.58282	0.00804	0.01602	-1.58282	0.03915	0.01602
GCA	GCC	AC	0.00849	0.02484	0.02495	-0.00849	0.02505	0.02495
GCG	TCG	GT	-0.24954	0.01200	0.01056	0.24954	0.00935	0.01056
GCG	CCG	GC	-2.85711	0.03707	0.00645	2.85711	0.00213	0.00645
GCG	ACG	GA	-1.06224	0.05544	0.03111	1.06224	0.01917	0.03111
GCG	GTG	CT	-0.35225	0.01504	0.01254	0.35225	0.01057	0.01254
GCG	GCT	GT	1.19129	0.01200	0.02053	-1.19129	0.03950	0.02053
GCG	GCC	GC	-0.38304	0.03707	0.03042	0.38304	0.02527	0.03042
GCG	GCA	GA	-0.39153	0.05544	0.04530	0.39153	0.03748	0.04530
GAT	TAT	GT	-0.44592	0.00625	0.00496	0.44592	0.00400	0.00496
GAT	CAT	GC	-2.76272	0.01931	0.00359	2.76272	0.00122	0.00359
GAT	AAT	GA	-0.27753	0.02889	0.02506	0.27753	0.02189	0.02506
GAT	GTT	AT	1.00301	0.00625	0.00990	-1.00301	0.01705	0.00990
GAT	GCT	AC	0.70660	0.01931	0.02693	-0.70660	0.03915	0.02693
GAC	TAC	GT	-1.01950	0.00877	0.00504	1.01950	0.00316	0.00504
GAC	CAC	GC	-2.64491	0.02708	0.00548	2.64491	0.00192	0.00548
GAC	AAC	GA	0.70131	0.04051	0.05636	-0.70131	0.08168	0.05636
GAC	GTC	AT	-0.39415	0.00877	0.00715	0.39415	0.00591	0.00715
GAC	GCC	AC	-0.07797	0.02708	0.02604	0.07797	0.02505	0.02604
GAC	GAT	CT	0.78976	0.01099	0.01589	-0.78976	0.02420	0.01589
GAA	CAA	GC	-0.11725	0.02328	0.02194	0.11725	0.02070	0.02194
GAA	AAA	GA	0.16138	0.03482	0.03771	-0.16138	0.04092	0.03771
GAA	GTA	AT	0.29463	0.00754	0.00870	-0.29463	0.01012	0.00870
GAA	GCA	AC	0.24176	0.02328	0.02621	-0.24176	0.02965	0.02621
GAA	GAT	AT	1.11798	0.00754	0.01252	-1.11798	0.02305	0.01252
GAA	GAC	AC	0.32822	0.02328	0.02731	-0.32822	0.03232	0.02731
GAG	CAG	GC	2.50595	0.00612	0.01669	-2.50595	0.07494	0.01669
GAG	AAG	GA	0.21056	0.00915	0.01014	-0.21056	0.01129	0.01014
GAG	GTG	AT	1.62664	0.00198	0.00401	-1.62664	0.01007	0.00401
GAG	GCG	AC	1.97889	0.00612	0.01404	-1.97889	0.04424	0.01404
GAG	GAT	GT	2.46358	0.00198	0.00533	-2.46358	0.02325	0.00533
GAG	GAC	GC	1.67382	0.00612	0.01260	-1.67382	0.03261	0.01260
GAG	GAA	GA	1.34560	0.00915	0.01664	-1.34560	0.03513	0.01664
GGT	TGT	GT	-2.41193	0.00818	0.00194	2.41193	0.00073	0.00194
GGT	CGT	GC	0.10738	0.02527	0.02665	-0.10738	0.02814	0.02665
GGT	AGT	GA	-1.64837	0.03780	0.01484	1.64837	0.00727	0.01484
GGT	GTT	GT	0.74288	0.00818	0.01159	-0.74288	0.01720	0.01159
GGT	GCT	GC	0.44647	0.02527	0.03133	-0.44647	0.03950	0.03133
GGT	GAT	GA	-0.26013	0.03780	0.03310	0.26013	0.02914	0.03310
GGC	TGC	GT	-1.43559	0.00700	0.00314	1.43559	0.00167	0.00314
GGC	CGC	GC	-0.59771	0.02163	0.01581	0.59771	0.01190	0.01581
GGC	AGC	GA	0.27613	0.03236	0.03703	-0.27613	0.04264	0.03703
GGC	GTC	GT	-0.16064	0.00700	0.00646	0.16064	0.00596	0.00646
GGC	GCC	GC	0.15554	0.02163	0.02336	-0.15554	0.02527	0.02336
GGC	GAC	GA	0.23351	0.03236	0.03628	-0.23351	0.04087	0.03628
GGC	GGT	CT	1.28340	0.00878	0.01558	-1.28340	0.03167	0.01558
GGA	CGA	GC	0.94628	0.00044	0.00068	-0.94628	0.00113	0.00068
GGA	AGA	GA	1.29900	0.00066	0.00118	-1.29900	0.00241	0.00118
GGA	GTA	GT	4.27157	0.00014	0.00062	-4.27157	0.01021	0.00062
GGA	GCA	GC	4.21870	0.00044	0.00188	-4.21870	0.02991	0.00188
GGA	GAA	GA	3.97694	0.00066	0.00267	-3.97694	0.03513	0.00267
GGA	GGT	AT	5.35505	0.00014	0.00077	-5.35505	0.03016	0.00077
GGA	GGC	AC	4.07165	0.00044	0.00182	-4.07165	0.02582	0.00182
GGG	TGG	GT	1.96656	0.00049	0.00111	-1.96656	0.00347	0.00111
GGG	CGG	GC	-0.41713	0.00150	0.00121	0.41713	0.00099	0.00121
GGG	AGG	GA	-1.23957	0.00225	0.00113	1.23957	0.00065	0.00113
GGG	GTG	GT	3.03961	0.00049	0.00155	-3.03961	0.01016	0.00155
GGG	GCG	GC	3.39185	0.00150	0.00527	-3.39185	0.04463	0.00527
GGG	GAG	GA	1.41296	0.00225	0.00419	-1.41296	0.00923	0.00419
GGG	GGT	GT	4.13668	0.00049	0.00204	-4.13668	0.03043	0.00204
GGG	GGC	GC	2.85328	0.00150	0.00455	-2.85328	0.02605	0.00455
GGG	GGA	GA	-1.21838	0.00225	0.00115	1.21838	0.00066	0.00115


Histograms
2Ns	FMut	FSub(CodonUsage)	FSubw(after w)

-11.29283	0.01278	0.00000
-10.16355	0.01917	0.00001
-9.03426	0.00198	0.00000
-7.90498	0.00046	0.00000
-6.77570	0.00022	0.00000
-5.64641	0.01136	0.00045
-4.51713	0.07149	0.00633
-3.38785	0.10027	0.02052
-2.25857	0.15433	0.06538
-1.12928	0.26510	0.22156
0.00000	0.24835	0.37149
1.12928	0.09146	0.22156
2.25857	0.01794	0.06538
3.38785	0.00408	0.02052
4.51713	0.00096	0.00633
5.64641	0.00006	0.00045
6.77570	0.00000	0.00000
7.90498	0.00000	0.00000
9.03426	0.00000	0.00000
10.16355	0.00000	0.00000
11.29283	0.00000	0.00000

Proportion of advantageous (S > 0) mutations:
 0.22164

Proportions of good & bad mutations (|S| > 2.0000) among mutations:
0.01409  0.31535

mean |Ns| = 1.91904	mean Ns+ = 0.79314	mean Ns- = -2.23965


MLEs of dN/dS (w) for site classes (K=3)

p:   0.81931  0.00000  0.18069
w:   0.04382  1.00000  1.00000

Naive Empirical Bayes (NEB) probabilities for 3 classes & postmean_w
(amino acids refer to 1st sequence: WP_101892983.1)

   1 I   1.00000 0.00000 0.00000 ( 1)  0.044
   2 N   0.99353 0.00000 0.00647 ( 1)  0.050
   3 T   0.99995 0.00000 0.00005 ( 1)  0.044
   4 N   1.00000 0.00000 0.00000 ( 1)  0.044
   5 I   0.99951 0.00000 0.00049 ( 1)  0.044
   6 S   0.88400 0.00000 0.11600 ( 1)  0.155
   7 S   0.98078 0.00000 0.01922 ( 1)  0.062
   8 I   0.99997 0.00000 0.00003 ( 1)  0.044
   9 N   0.99987 0.00000 0.00013 ( 1)  0.044
  10 A   1.00000 0.00000 0.00000 ( 1)  0.044
  11 Q   0.99999 0.00000 0.00001 ( 1)  0.044
  12 R   0.98063 0.00000 0.01937 ( 1)  0.062
  13 N   0.99996 0.00000 0.00004 ( 1)  0.044
  14 L   1.00000 0.00000 0.00000 ( 1)  0.044
  15 N   0.00004 0.00000 0.99996 ( 3)  1.000
  16 K   0.07976 0.00000 0.92024 ( 3)  0.924
  17 S   0.74623 0.00000 0.25377 ( 1)  0.286
  18 Q   0.00216 0.00000 0.99784 ( 3)  0.998
  19 G   0.01896 0.00000 0.98104 ( 3)  0.982
  20 S   0.00011 0.00000 0.99989 ( 3)  1.000
  21 L   1.00000 0.00000 0.00000 ( 1)  0.044
  22 Q   0.00351 0.00000 0.99649 ( 3)  0.997
  23 T   0.81445 0.00000 0.18555 ( 1)  0.221
  24 S   0.99689 0.00000 0.00311 ( 1)  0.047
  25 L   1.00000 0.00000 0.00000 ( 1)  0.044
  26 Q   0.99995 0.00000 0.00005 ( 1)  0.044
  27 R   1.00000 0.00000 0.00000 ( 1)  0.044
  28 L   1.00000 0.00000 0.00000 ( 1)  0.044
  29 S   0.99969 0.00000 0.00031 ( 1)  0.044
  30 S   0.99995 0.00000 0.00005 ( 1)  0.044
  31 G   1.00000 0.00000 0.00000 ( 1)  0.044
  32 L   0.98957 0.00000 0.01043 ( 1)  0.054
  33 R   1.00000 0.00000 0.00000 ( 1)  0.044
  34 I   1.00000 0.00000 0.00000 ( 1)  0.044
  35 N   1.00000 0.00000 0.00000 ( 1)  0.044
  36 S   0.91618 0.00000 0.08382 ( 1)  0.124
  37 A   1.00000 0.00000 0.00000 ( 1)  0.044
  38 K   0.94930 0.00000 0.05070 ( 1)  0.092
  39 D   1.00000 0.00000 0.00000 ( 1)  0.044
  40 D   1.00000 0.00000 0.00000 ( 1)  0.044
  41 A   1.00000 0.00000 0.00000 ( 1)  0.044
  42 A   1.00000 0.00000 0.00000 ( 1)  0.044
  43 G   1.00000 0.00000 0.00000 ( 1)  0.044
  44 L   1.00000 0.00000 0.00000 ( 1)  0.044
  45 A   0.99938 0.00000 0.00062 ( 1)  0.044
  46 I   1.00000 0.00000 0.00000 ( 1)  0.044
  47 S   0.99283 0.00000 0.00717 ( 1)  0.051
  48 N   0.98577 0.00000 0.01423 ( 1)  0.057
  49 R   0.99998 0.00000 0.00002 ( 1)  0.044
  50 F   1.00000 0.00000 0.00000 ( 1)  0.044
  51 T   0.99959 0.00000 0.00041 ( 1)  0.044
  52 T   0.90678 0.00000 0.09322 ( 1)  0.133
  53 Q   1.00000 0.00000 0.00000 ( 1)  0.044
  54 V   1.00000 0.00000 0.00000 ( 1)  0.044
  55 R   0.94646 0.00000 0.05354 ( 1)  0.095
  56 G   1.00000 0.00000 0.00000 ( 1)  0.044
  57 M   0.99998 0.00000 0.00002 ( 1)  0.044
  58 N   1.00000 0.00000 0.00000 ( 1)  0.044
  59 V   0.28182 0.00000 0.71818 ( 3)  0.731
  60 A   1.00000 0.00000 0.00000 ( 1)  0.044
  61 I   0.24702 0.00000 0.75298 ( 3)  0.764
  62 R   1.00000 0.00000 0.00000 ( 1)  0.044
  63 N   1.00000 0.00000 0.00000 ( 1)  0.044
  64 A   1.00000 0.00000 0.00000 ( 1)  0.044
  65 N   0.98838 0.00000 0.01162 ( 1)  0.055
  66 D   1.00000 0.00000 0.00000 ( 1)  0.044
  67 G   1.00000 0.00000 0.00000 ( 1)  0.044
  68 I   1.00000 0.00000 0.00000 ( 1)  0.044
  69 S   0.90369 0.00000 0.09631 ( 1)  0.136
  70 L   1.00000 0.00000 0.00000 ( 1)  0.044
  71 A   1.00000 0.00000 0.00000 ( 1)  0.044
  72 Q   1.00000 0.00000 0.00000 ( 1)  0.044
  73 T   0.99993 0.00000 0.00007 ( 1)  0.044
  74 T   0.99999 0.00000 0.00001 ( 1)  0.044
  75 E   1.00000 0.00000 0.00000 ( 1)  0.044
  76 S   0.99548 0.00000 0.00452 ( 1)  0.048
  77 A   1.00000 0.00000 0.00000 ( 1)  0.044
  78 L   0.98380 0.00000 0.01620 ( 1)  0.059
  79 D   0.01008 0.00000 0.98992 ( 3)  0.990
  80 E   1.00000 0.00000 0.00000 ( 1)  0.044
  81 I   0.99985 0.00000 0.00015 ( 1)  0.044
  82 T   0.98844 0.00000 0.01156 ( 1)  0.055
  83 T   0.99977 0.00000 0.00023 ( 1)  0.044
  84 S   0.97375 0.00000 0.02625 ( 1)  0.069
  85 L   1.00000 0.00000 0.00000 ( 1)  0.044
  86 Q   0.99995 0.00000 0.00005 ( 1)  0.044
  87 R   1.00000 0.00000 0.00000 ( 1)  0.044
  88 I   1.00000 0.00000 0.00000 ( 1)  0.044
  89 R   1.00000 0.00000 0.00000 ( 1)  0.044
  90 D   0.99986 0.00000 0.00014 ( 1)  0.044
  91 L   1.00000 0.00000 0.00000 ( 1)  0.044
  92 A   0.92450 0.00000 0.07550 ( 1)  0.116
  93 V   0.99999 0.00000 0.00001 ( 1)  0.044
  94 Q   1.00000 0.00000 0.00000 ( 1)  0.044
  95 S   0.06868 0.00000 0.93132 ( 3)  0.934
  96 A   0.92317 0.00000 0.07683 ( 1)  0.117
  97 N   0.99996 0.00000 0.00004 ( 1)  0.044
  98 D   0.98627 0.00000 0.01373 ( 1)  0.057
  99 T   0.99984 0.00000 0.00016 ( 1)  0.044
 100 N   0.99999 0.00000 0.00001 ( 1)  0.044
 101 D   1.00000 0.00000 0.00000 ( 1)  0.044
 102 R   1.00000 0.00000 0.00000 ( 1)  0.044
 103 I   0.60437 0.00000 0.39563 ( 1)  0.422
 104 S   0.19761 0.00000 0.80239 ( 3)  0.811
 105 L   1.00000 0.00000 0.00000 ( 1)  0.044
 106 Q   0.99970 0.00000 0.00030 ( 1)  0.044
 107 A   0.17611 0.00000 0.82389 ( 3)  0.832
 108 E   1.00000 0.00000 0.00000 ( 1)  0.044
 109 V   1.00000 0.00000 0.00000 ( 1)  0.044
 110 D   0.00085 0.00000 0.99915 ( 3)  0.999
 111 Q   0.90872 0.00000 0.09128 ( 1)  0.131
 112 L   1.00000 0.00000 0.00000 ( 1)  0.044
 113 I   0.00339 0.00000 0.99661 ( 3)  0.997
 114 D   0.00084 0.00000 0.99915 ( 3)  0.999
 115 E   1.00000 0.00000 0.00000 ( 1)  0.044
 116 V   1.00000 0.00000 0.00000 ( 1)  0.044
 117 D   0.97162 0.00000 0.02838 ( 1)  0.071
 118 R   1.00000 0.00000 0.00000 ( 1)  0.044
 119 I   1.00000 0.00000 0.00000 ( 1)  0.044
 120 A   0.98979 0.00000 0.01021 ( 1)  0.054
 121 T   0.12733 0.00000 0.87266 ( 3)  0.878
 122 T   0.07237 0.00000 0.92763 ( 3)  0.931
 123 T   1.00000 0.00000 0.00000 ( 1)  0.044
 124 T   0.00067 0.00000 0.99932 ( 3)  0.999
 125 F   1.00000 0.00000 0.00000 ( 1)  0.044
 126 N   0.99854 0.00000 0.00146 ( 1)  0.045
 127 G   1.00000 0.00000 0.00000 ( 1)  0.044
 128 R   0.00176 0.00000 0.99824 ( 3)  0.998
 129 N   1.00000 0.00000 0.00000 ( 1)  0.044
 130 V   0.99999 0.00000 0.00001 ( 1)  0.044
 131 L   1.00000 0.00000 0.00000 ( 1)  0.044
 132 D   0.99995 0.00000 0.00005 ( 1)  0.044
 133 G   0.99995 0.00000 0.00005 ( 1)  0.044
 134 T   0.01524 0.00000 0.98476 ( 3)  0.985
 135 L   0.99992 0.00000 0.00008 ( 1)  0.044
 136 S   0.00010 0.00000 0.99990 ( 3)  1.000
 137 S   0.00092 0.00000 0.99908 ( 3)  0.999
 138 I   0.05568 0.00000 0.94432 ( 3)  0.947
 139 T   0.99999 0.00000 0.00001 ( 1)  0.044
 140 G   0.99930 0.00000 0.00070 ( 1)  0.044
 141 V   0.99998 0.00000 0.00002 ( 1)  0.044
 142 T   0.00765 0.00000 0.99234 ( 3)  0.993
 143 I   0.99983 0.00000 0.00017 ( 1)  0.044
 144 A   0.73798 0.00000 0.26202 ( 1)  0.294
 145 N   0.50524 0.00000 0.49475 ( 1)  0.517
 146 S   0.20523 0.00000 0.79477 ( 3)  0.804
 147 L   0.15076 0.00000 0.84924 ( 3)  0.856
 148 D   0.99704 0.00000 0.00296 ( 1)  0.047
 149 G   0.99984 0.00000 0.00016 ( 1)  0.044
 150 A   0.99685 0.00000 0.00315 ( 1)  0.047
 151 N   0.36106 0.00000 0.63894 ( 3)  0.655
 152 L   0.00098 0.00000 0.99902 ( 3)  0.999
 153 T   0.96230 0.00000 0.03770 ( 1)  0.080
 154 M   1.00000 0.00000 0.00000 ( 1)  0.044
 155 D   0.28460 0.00000 0.71540 ( 3)  0.728
 156 S   0.00001 0.00000 0.99999 ( 3)  1.000
 157 V   0.99994 0.00000 0.00006 ( 1)  0.044
 158 D   1.00000 0.00000 0.00000 ( 1)  0.044
 159 S   0.00000 0.00000 1.00000 ( 3)  1.000
 160 A   0.99999 0.00000 0.00001 ( 1)  0.044
 161 L   0.99999 0.00000 0.00001 ( 1)  0.044
 162 A   0.08827 0.00000 0.91173 ( 3)  0.916
 163 Q   0.00009 0.00000 0.99991 ( 3)  1.000
 164 I   0.99999 0.00000 0.00001 ( 1)  0.044
 165 D   0.27320 0.00000 0.72680 ( 3)  0.739
 166 G   0.52996 0.00000 0.47004 ( 1)  0.493
 167 F   0.00003 0.00000 0.99997 ( 3)  1.000
 168 R   1.00000 0.00000 0.00000 ( 1)  0.044
 169 G   0.96645 0.00000 0.03355 ( 1)  0.076
 170 E   0.99966 0.00000 0.00034 ( 1)  0.044
 171 L   1.00000 0.00000 0.00000 ( 1)  0.044
 172 G   1.00000 0.00000 0.00000 ( 1)  0.044
 173 A   1.00000 0.00000 0.00000 ( 1)  0.044
 174 I   0.98963 0.00000 0.01037 ( 1)  0.054
 175 Q   0.99968 0.00000 0.00032 ( 1)  0.044
 176 N   1.00000 0.00000 0.00000 ( 1)  0.044
 177 R   1.00000 0.00000 0.00000 ( 1)  0.044
 178 F   1.00000 0.00000 0.00000 ( 1)  0.044
 179 E   0.99999 0.00000 0.00001 ( 1)  0.044
 180 S   0.49808 0.00000 0.50192 ( 3)  0.524
 181 T   0.99995 0.00000 0.00005 ( 1)  0.044
 182 I   0.99996 0.00000 0.00004 ( 1)  0.044
 183 R   0.25805 0.00000 0.74195 ( 3)  0.753
 184 N   1.00000 0.00000 0.00000 ( 1)  0.044
 185 L   1.00000 0.00000 0.00000 ( 1)  0.044
 186 S   0.00017 0.00000 0.99983 ( 3)  1.000
 187 A   0.99737 0.00000 0.00263 ( 1)  0.046
 188 V   0.96261 0.00000 0.03739 ( 1)  0.080
 189 A   0.79832 0.00000 0.20168 ( 1)  0.237
 190 E   1.00000 0.00000 0.00000 ( 1)  0.044
 191 S   0.99980 0.00000 0.00020 ( 1)  0.044
 192 L   0.99996 0.00000 0.00004 ( 1)  0.044
 193 S   0.04977 0.00000 0.95022 ( 3)  0.952
 194 A   0.98707 0.00000 0.01293 ( 1)  0.056
 195 A   0.99910 0.00000 0.00090 ( 1)  0.045
 196 N   0.99585 0.00000 0.00415 ( 1)  0.048
 197 S   0.99637 0.00000 0.00363 ( 1)  0.047
 198 R   1.00000 0.00000 0.00000 ( 1)  0.044
 199 I   1.00000 0.00000 0.00000 ( 1)  0.044
 200 R   0.90750 0.00000 0.09250 ( 1)  0.132
 201 D   1.00000 0.00000 0.00000 ( 1)  0.044
 202 A   0.99999 0.00000 0.00001 ( 1)  0.044
 203 D   1.00000 0.00000 0.00000 ( 1)  0.044
 204 F   1.00000 0.00000 0.00000 ( 1)  0.044
 205 A   1.00000 0.00000 0.00000 ( 1)  0.044
 206 A   0.99335 0.00000 0.00665 ( 1)  0.050
 207 E   1.00000 0.00000 0.00000 ( 1)  0.044
 208 T   0.99995 0.00000 0.00005 ( 1)  0.044
 209 A   0.99999 0.00000 0.00001 ( 1)  0.044
 210 N   0.71937 0.00000 0.28063 ( 1)  0.312
 211 L   1.00000 0.00000 0.00000 ( 1)  0.044
 212 S   1.00000 0.00000 0.00000 ( 1)  0.044
 213 K   0.99992 0.00000 0.00008 ( 1)  0.044
 214 N   0.83410 0.00000 0.16590 ( 1)  0.202
 215 Q   1.00000 0.00000 0.00000 ( 1)  0.044
 216 V   1.00000 0.00000 0.00000 ( 1)  0.044
 217 L   0.99999 0.00000 0.00001 ( 1)  0.044
 218 Q   1.00000 0.00000 0.00000 ( 1)  0.044
 219 Q   1.00000 0.00000 0.00000 ( 1)  0.044
 220 A   1.00000 0.00000 0.00000 ( 1)  0.044
 221 G   0.99998 0.00000 0.00002 ( 1)  0.044
 222 I   0.93023 0.00000 0.06977 ( 1)  0.111
 223 S   0.99930 0.00000 0.00070 ( 1)  0.044
 224 V   1.00000 0.00000 0.00000 ( 1)  0.044
 225 L   1.00000 0.00000 0.00000 ( 1)  0.044
 226 A   0.99924 0.00000 0.00076 ( 1)  0.045
 227 Q   1.00000 0.00000 0.00000 ( 1)  0.044
 228 A   1.00000 0.00000 0.00000 ( 1)  0.044
 229 N   1.00000 0.00000 0.00000 ( 1)  0.044
 230 G   0.00842 0.00000 0.99158 ( 3)  0.992
 231 L   0.03395 0.00000 0.96605 ( 3)  0.968
 232 P   1.00000 0.00000 0.00000 ( 1)  0.044
 233 Q   1.00000 0.00000 0.00000 ( 1)  0.044
 234 Q   0.00054 0.00000 0.99946 ( 3)  0.999
 235 V   0.99999 0.00000 0.00001 ( 1)  0.044
 236 L   1.00000 0.00000 0.00000 ( 1)  0.044
 237 S   0.02566 0.00000 0.97434 ( 3)  0.975
 238 L   1.00000 0.00000 0.00000 ( 1)  0.044
 239 L   1.00000 0.00000 0.00000 ( 1)  0.044
 240 Q   0.99923 0.00000 0.00077 ( 1)  0.045

Positively selected sites

	Prob(w>1)  mean w



lnL = -8105.152125

Bayes Empirical Bayes (BEB) probabilities for 3 classes (class) & postmean_w
(amino acids refer to 1st sequence: WP_101892983.1)

   1 I   1.00000 0.00000 0.00000 ( 1)  0.050 +-  0.000
   2 N   0.99564 0.00346 0.00089 ( 1)  0.058 +-  0.192
   3 T   0.99996 0.00003 0.00001 ( 1)  0.050 +-  0.018
   4 N   1.00000 0.00000 0.00000 ( 1)  0.050 +-  0.000
   5 I   0.99968 0.00026 0.00006 ( 1)  0.051 +-  0.052
   6 S   0.92265 0.06455 0.01279 ( 1)  0.179 +-  0.723
   7 S   0.98811 0.01026 0.00164 ( 1)  0.068 +-  0.265
   8 I   0.99998 0.00002 0.00000 ( 1)  0.050 +-  0.010
   9 N   0.99992 0.00006 0.00001 ( 1)  0.050 +-  0.025
  10 A   1.00000 0.00000 0.00000 ( 1)  0.050 +-  0.003
  11 Q   0.99999 0.00001 0.00000 ( 1)  0.050 +-  0.003
  12 R   0.99200 0.00745 0.00054 ( 1)  0.060 +-  0.159
  13 N   0.99997 0.00003 0.00000 ( 1)  0.050 +-  0.013
  14 L   1.00000 0.00000 0.00000 ( 1)  0.050 +-  0.000
  15 N   0.00014 0.75425 0.24560 ( 2)  2.114 +-  2.463
  16 K   0.16189 0.61439 0.22373 ( 2)  1.867 +-  2.467
  17 S   0.80876 0.15307 0.03817 ( 1)  0.400 +-  1.213
  18 Q   0.00705 0.86749 0.12546 ( 2)  1.508 +-  1.752
  19 G   0.05561 0.74978 0.19461 ( 2)  1.809 +-  2.241
  20 S   0.00025 0.71679 0.28296 ( 2)  2.295 +-  2.613
  21 L   1.00000 0.00000 0.00000 ( 1)  0.050 +-  0.001
  22 Q   0.00922 0.79434 0.19644 ( 2)  1.850 +-  2.208
  23 T   0.89336 0.07778 0.02886 ( 1)  0.284 +-  1.080
  24 S   0.99749 0.00203 0.00048 ( 1)  0.055 +-  0.143
  25 L   1.00000 0.00000 0.00000 ( 1)  0.050 +-  0.001
  26 Q   0.99996 0.00003 0.00000 ( 1)  0.050 +-  0.011
  27 R   1.00000 0.00000 0.00000 ( 1)  0.050 +-  0.000
  28 L   1.00000 0.00000 0.00000 ( 1)  0.050 +-  0.000
  29 S   0.99982 0.00016 0.00001 ( 1)  0.050 +-  0.024
  30 S   0.99996 0.00004 0.00000 ( 1)  0.050 +-  0.015
  31 G   1.00000 0.00000 0.00000 ( 1)  0.050 +-  0.000
  32 L   0.99531 0.00426 0.00043 ( 1)  0.056 +-  0.136
  33 R   1.00000 0.00000 0.00000 ( 1)  0.050 +-  0.001
  34 I   1.00000 0.00000 0.00000 ( 1)  0.050 +-  0.000
  35 N   1.00000 0.00000 0.00000 ( 1)  0.050 +-  0.002
  36 S   0.96044 0.03147 0.00808 ( 1)  0.123 +-  0.575
  37 A   1.00000 0.00000 0.00000 ( 1)  0.050 +-  0.001
  38 K   0.97528 0.01981 0.00491 ( 1)  0.095 +-  0.453
  39 D   1.00000 0.00000 0.00000 ( 1)  0.050 +-  0.000
  40 D   1.00000 0.00000 0.00000 ( 1)  0.050 +-  0.000
  41 A   1.00000 0.00000 0.00000 ( 1)  0.050 +-  0.001
  42 A   1.00000 0.00000 0.00000 ( 1)  0.050 +-  0.002
  43 G   1.00000 0.00000 0.00000 ( 1)  0.050 +-  0.000
  44 L   1.00000 0.00000 0.00000 ( 1)  0.050 +-  0.000
  45 A   0.99955 0.00038 0.00007 ( 1)  0.051 +-  0.054
  46 I   1.00000 0.00000 0.00000 ( 1)  0.050 +-  0.000
  47 S   0.99588 0.00392 0.00020 ( 1)  0.055 +-  0.101
  48 N   0.99153 0.00662 0.00185 ( 1)  0.066 +-  0.279
  49 R   0.99999 0.00001 0.00000 ( 1)  0.050 +-  0.004
  50 F   1.00000 0.00000 0.00000 ( 1)  0.050 +-  0.001
  51 T   0.99970 0.00024 0.00007 ( 1)  0.051 +-  0.053
  52 T   0.95050 0.03849 0.01101 ( 1)  0.147 +-  0.676
  53 Q   1.00000 0.00000 0.00000 ( 1)  0.050 +-  0.002
  54 V   1.00000 0.00000 0.00000 ( 1)  0.050 +-  0.001
  55 R   0.97195 0.02464 0.00342 ( 1)  0.091 +-  0.381
  56 G   1.00000 0.00000 0.00000 ( 1)  0.050 +-  0.000
  57 M   0.99998 0.00001 0.00000 ( 1)  0.050 +-  0.007
  58 N   1.00000 0.00000 0.00000 ( 1)  0.050 +-  0.003
  59 V   0.52260 0.43953 0.03787 ( 1)  0.648 +-  1.125
  60 A   1.00000 0.00000 0.00000 ( 1)  0.050 +-  0.001
  61 I   0.44942 0.42177 0.12881 ( 1)  1.157 +-  2.052
  62 R   1.00000 0.00000 0.00000 ( 1)  0.050 +-  0.000
  63 N   1.00000 0.00000 0.00000 ( 1)  0.050 +-  0.001
  64 A   1.00000 0.00000 0.00000 ( 1)  0.050 +-  0.006
  65 N   0.99226 0.00602 0.00172 ( 1)  0.065 +-  0.267
  66 D   1.00000 0.00000 0.00000 ( 1)  0.050 +-  0.002
  67 G   1.00000 0.00000 0.00000 ( 1)  0.050 +-  0.000
  68 I   1.00000 0.00000 0.00000 ( 1)  0.050 +-  0.003
  69 S   0.94016 0.05128 0.00856 ( 1)  0.144 +-  0.598
  70 L   1.00000 0.00000 0.00000 ( 1)  0.050 +-  0.003
  71 A   1.00000 0.00000 0.00000 ( 1)  0.050 +-  0.006
  72 Q   1.00000 0.00000 0.00000 ( 1)  0.050 +-  0.000
  73 T   0.99994 0.00005 0.00001 ( 1)  0.050 +-  0.024
  74 T   0.99999 0.00001 0.00000 ( 1)  0.050 +-  0.008
  75 E   1.00000 0.00000 0.00000 ( 1)  0.050 +-  0.000
  76 S   0.99677 0.00259 0.00063 ( 1)  0.056 +-  0.161
  77 A   1.00000 0.00000 0.00000 ( 1)  0.050 +-  0.005
  78 L   0.99366 0.00594 0.00039 ( 1)  0.058 +-  0.137
  79 D   0.03095 0.78631 0.18274 ( 2)  1.777 +-  2.166
  80 E   1.00000 0.00000 0.00000 ( 1)  0.050 +-  0.001
  81 I   0.99987 0.00010 0.00003 ( 1)  0.050 +-  0.035
  82 T   0.99432 0.00447 0.00121 ( 1)  0.061 +-  0.226
  83 T   0.99983 0.00013 0.00003 ( 1)  0.050 +-  0.038
  84 S   0.98410 0.01263 0.00327 ( 1)  0.080 +-  0.370
  85 L   1.00000 0.00000 0.00000 ( 1)  0.050 +-  0.000
  86 Q   0.99997 0.00003 0.00000 ( 1)  0.050 +-  0.006
  87 R   1.00000 0.00000 0.00000 ( 1)  0.050 +-  0.000
  88 I   1.00000 0.00000 0.00000 ( 1)  0.050 +-  0.000
  89 R   1.00000 0.00000 0.00000 ( 1)  0.050 +-  0.000
  90 D   0.99987 0.00010 0.00003 ( 1)  0.050 +-  0.035
  91 L   1.00000 0.00000 0.00000 ( 1)  0.050 +-  0.000
  92 A   0.95329 0.03716 0.00955 ( 1)  0.138 +-  0.632
  93 V   0.99999 0.00000 0.00000 ( 1)  0.050 +-  0.007
  94 Q   1.00000 0.00000 0.00000 ( 1)  0.050 +-  0.002
  95 S   0.14975 0.71092 0.13933 ( 2)  1.465 +-  1.969
  96 A   0.95944 0.03423 0.00634 ( 1)  0.115 +-  0.505
  97 N   0.99997 0.00002 0.00000 ( 1)  0.050 +-  0.014
  98 D   0.99197 0.00640 0.00163 ( 1)  0.065 +-  0.262
  99 T   0.99988 0.00010 0.00003 ( 1)  0.050 +-  0.033
 100 N   0.99999 0.00001 0.00000 ( 1)  0.050 +-  0.008
 101 D   1.00000 0.00000 0.00000 ( 1)  0.050 +-  0.002
 102 R   1.00000 0.00000 0.00000 ( 1)  0.050 +-  0.000
 103 I   0.75622 0.20520 0.03858 ( 1)  0.445 +-  1.199
 104 S   0.34526 0.51360 0.14114 ( 2)  1.304 +-  2.085
 105 L   1.00000 0.00000 0.00000 ( 1)  0.050 +-  0.001
 106 Q   0.99985 0.00014 0.00001 ( 1)  0.050 +-  0.019
 107 A   0.37724 0.48524 0.13752 ( 2)  1.258 +-  2.075
 108 E   1.00000 0.00000 0.00000 ( 1)  0.050 +-  0.000
 109 V   1.00000 0.00000 0.00000 ( 1)  0.050 +-  0.001
 110 D   0.00200 0.67431 0.32369 ( 2)  2.498 +-  2.759
 111 Q   0.95937 0.03717 0.00346 ( 1)  0.102 +-  0.384
 112 L   1.00000 0.00000 0.00000 ( 1)  0.050 +-  0.001
 113 I   0.01043 0.73932 0.25025 ( 2)  2.122 +-  2.482
 114 D   0.00259 0.76083 0.23657 ( 2)  2.065 +-  2.421
 115 E   1.00000 0.00000 0.00000 ( 1)  0.050 +-  0.000
 116 V   1.00000 0.00000 0.00000 ( 1)  0.050 +-  0.005
 117 D   0.98357 0.01294 0.00349 ( 1)  0.081 +-  0.378
 118 R   1.00000 0.00000 0.00000 ( 1)  0.050 +-  0.000
 119 I   1.00000 0.00000 0.00000 ( 1)  0.050 +-  0.001
 120 A   0.99270 0.00571 0.00159 ( 1)  0.064 +-  0.259
 121 T   0.27609 0.54864 0.17527 ( 2)  1.533 +-  2.275
 122 T   0.14891 0.61097 0.24012 ( 2)  1.968 +-  2.549
 123 T   1.00000 0.00000 0.00000 ( 1)  0.050 +-  0.002
 124 T   0.00235 0.81890 0.17875 ( 2)  1.762 +-  2.092
 125 F   1.00000 0.00000 0.00000 ( 1)  0.050 +-  0.000
 126 N   0.99907 0.00074 0.00019 ( 1)  0.052 +-  0.090
 127 G   1.00000 0.00000 0.00000 ( 1)  0.050 +-  0.000
 128 R   0.00382 0.74831 0.24787 ( 2)  2.109 +-  2.459
 129 N   1.00000 0.00000 0.00000 ( 1)  0.050 +-  0.001
 130 V   0.99999 0.00000 0.00000 ( 1)  0.050 +-  0.007
 131 L   1.00000 0.00000 0.00000 ( 1)  0.050 +-  0.000
 132 D   0.99996 0.00003 0.00001 ( 1)  0.050 +-  0.020
 133 G   0.99996 0.00003 0.00001 ( 1)  0.050 +-  0.018
 134 T   0.03787 0.76427 0.19786 ( 2)  1.847 +-  2.256
 135 L   0.99996 0.00004 0.00001 ( 1)  0.050 +-  0.018
 136 S   0.00030 0.73992 0.25979 ( 2)  2.185 +-  2.526
 137 S   0.00281 0.75271 0.24448 ( 2)  2.100 +-  2.451
 138 I   0.12922 0.65875 0.21203 ( 2)  1.838 +-  2.390
 139 T   0.99999 0.00001 0.00000 ( 1)  0.050 +-  0.009
 140 G   0.99966 0.00030 0.00003 ( 1)  0.050 +-  0.037
 141 V   0.99998 0.00001 0.00000 ( 1)  0.050 +-  0.010
 142 T   0.02082 0.74381 0.23537 ( 2)  2.045 +-  2.431
 143 I   0.99987 0.00011 0.00003 ( 1)  0.050 +-  0.035
 144 A   0.84647 0.12143 0.03210 ( 1)  0.341 +-  1.131
 145 N   0.66400 0.26075 0.07525 ( 1)  0.710 +-  1.660
 146 S   0.35365 0.52625 0.12010 ( 2)  1.193 +-  1.934
 147 L   0.30750 0.55726 0.13524 ( 2)  1.310 +-  2.029
 148 D   0.99763 0.00185 0.00052 ( 1)  0.055 +-  0.148
 149 G   0.99990 0.00009 0.00002 ( 1)  0.050 +-  0.026
 150 A   0.99777 0.00179 0.00045 ( 1)  0.054 +-  0.136
 151 N   0.58610 0.34614 0.06776 ( 1)  0.730 +-  1.520
 152 L   0.00299 0.74947 0.24754 ( 2)  2.116 +-  2.466
 153 T   0.97599 0.01849 0.00553 ( 1)  0.098 +-  0.480
 154 M   1.00000 0.00000 0.00000 ( 1)  0.050 +-  0.003
 155 D   0.45586 0.42115 0.12299 ( 1)  1.121 +-  2.006
 156 S   0.00005 0.74772 0.25224 ( 2)  2.138 +-  2.481
 157 V   0.99996 0.00003 0.00001 ( 1)  0.050 +-  0.019
 158 D   1.00000 0.00000 0.00000 ( 1)  0.050 +-  0.001
 159 S   0.00000 0.64105 0.35895 ( 2)  2.683 +-  2.874
 160 A   0.99999 0.00001 0.00000 ( 1)  0.050 +-  0.008
 161 L   1.00000 0.00000 0.00000 ( 1)  0.050 +-  0.004
 162 A   0.18753 0.63286 0.17961 ( 2)  1.629 +-  2.250
 163 Q   0.00021 0.67918 0.32060 ( 2)  2.488 +-  2.752
 164 I   0.99999 0.00001 0.00000 ( 1)  0.050 +-  0.008
 165 D   0.45453 0.42965 0.11582 ( 1)  1.084 +-  1.943
 166 G   0.71457 0.23711 0.04831 ( 1)  0.527 +-  1.324
 167 F   0.00011 0.79729 0.20260 ( 2)  1.891 +-  2.239
 168 R   1.00000 0.00000 0.00000 ( 1)  0.050 +-  0.001
 169 G   0.98109 0.01496 0.00395 ( 1)  0.086 +-  0.408
 170 E   0.99978 0.00017 0.00005 ( 1)  0.050 +-  0.045
 171 L   1.00000 0.00000 0.00000 ( 1)  0.050 +-  0.000
 172 G   1.00000 0.00000 0.00000 ( 1)  0.050 +-  0.000
 173 A   1.00000 0.00000 0.00000 ( 1)  0.050 +-  0.003
 174 I   0.99555 0.00370 0.00075 ( 1)  0.058 +-  0.179
 175 Q   0.99984 0.00016 0.00000 ( 1)  0.050 +-  0.016
 176 N   1.00000 0.00000 0.00000 ( 1)  0.050 +-  0.003
 177 R   1.00000 0.00000 0.00000 ( 1)  0.050 +-  0.000
 178 F   1.00000 0.00000 0.00000 ( 1)  0.050 +-  0.000
 179 E   0.99999 0.00001 0.00000 ( 1)  0.050 +-  0.007
 180 S   0.61127 0.30448 0.08425 ( 1)  0.795 +-  1.722
 181 T   0.99996 0.00003 0.00001 ( 1)  0.050 +-  0.018
 182 I   0.99997 0.00002 0.00001 ( 1)  0.050 +-  0.015
 183 R   0.43897 0.48458 0.07645 ( 2)  0.902 +-  1.563
 184 N   1.00000 0.00000 0.00000 ( 1)  0.050 +-  0.000
 185 L   1.00000 0.00000 0.00000 ( 1)  0.050 +-  0.000
 186 S   0.00044 0.69989 0.29967 ( 2)  2.367 +-  2.662
 187 A   0.99793 0.00161 0.00046 ( 1)  0.054 +-  0.139
 188 V   0.98310 0.01317 0.00374 ( 1)  0.083 +-  0.397
 189 A   0.88331 0.10434 0.01235 ( 1)  0.213 +-  0.719
 190 E   1.00000 0.00000 0.00000 ( 1)  0.050 +-  0.000
 191 S   0.99983 0.00013 0.00004 ( 1)  0.050 +-  0.041
 192 L   0.99997 0.00002 0.00000 ( 1)  0.050 +-  0.011
 193 S   0.11177 0.69879 0.18945 ( 2)  1.738 +-  2.253
 194 A   0.99167 0.00680 0.00153 ( 1)  0.065 +-  0.255
 195 A   0.99919 0.00065 0.00016 ( 1)  0.052 +-  0.083
 196 N   0.99825 0.00165 0.00011 ( 1)  0.052 +-  0.073
 197 S   0.99812 0.00171 0.00016 ( 1)  0.052 +-  0.087
 198 R   1.00000 0.00000 0.00000 ( 1)  0.050 +-  0.001
 199 I   1.00000 0.00000 0.00000 ( 1)  0.050 +-  0.000
 200 R   0.94170 0.04361 0.01469 ( 1)  0.175 +-  0.793
 201 D   1.00000 0.00000 0.00000 ( 1)  0.050 +-  0.000
 202 A   0.99999 0.00001 0.00000 ( 1)  0.050 +-  0.009
 203 D   1.00000 0.00000 0.00000 ( 1)  0.050 +-  0.000
 204 F   1.00000 0.00000 0.00000 ( 1)  0.050 +-  0.000
 205 A   1.00000 0.00000 0.00000 ( 1)  0.050 +-  0.006
 206 A   0.99535 0.00372 0.00093 ( 1)  0.059 +-  0.199
 207 E   1.00000 0.00000 0.00000 ( 1)  0.050 +-  0.000
 208 T   0.99996 0.00003 0.00001 ( 1)  0.050 +-  0.019
 209 A   0.99999 0.00001 0.00000 ( 1)  0.050 +-  0.009
 210 N   0.82302 0.13774 0.03925 ( 1)  0.395 +-  1.240
 211 L   1.00000 0.00000 0.00000 ( 1)  0.050 +-  0.000
 212 S   1.00000 0.00000 0.00000 ( 1)  0.050 +-  0.004
 213 K   0.99992 0.00006 0.00002 ( 1)  0.050 +-  0.027
 214 N   0.91252 0.07059 0.01689 ( 1)  0.208 +-  0.828
 215 Q   1.00000 0.00000 0.00000 ( 1)  0.050 +-  0.001
 216 V   1.00000 0.00000 0.00000 ( 1)  0.050 +-  0.000
 217 L   0.99999 0.00001 0.00000 ( 1)  0.050 +-  0.005
 218 Q   1.00000 0.00000 0.00000 ( 1)  0.050 +-  0.000
 219 Q   1.00000 0.00000 0.00000 ( 1)  0.050 +-  0.000
 220 A   1.00000 0.00000 0.00000 ( 1)  0.050 +-  0.001
 221 G   0.99998 0.00001 0.00000 ( 1)  0.050 +-  0.013
 222 I   0.96020 0.03079 0.00901 ( 1)  0.128 +-  0.610
 223 S   0.99959 0.00035 0.00006 ( 1)  0.051 +-  0.051
 224 V   1.00000 0.00000 0.00000 ( 1)  0.050 +-  0.005
 225 L   1.00000 0.00000 0.00000 ( 1)  0.050 +-  0.000
 226 A   0.99946 0.00043 0.00011 ( 1)  0.051 +-  0.069
 227 Q   1.00000 0.00000 0.00000 ( 1)  0.050 +-  0.000
 228 A   1.00000 0.00000 0.00000 ( 1)  0.050 +-  0.000
 229 N   1.00000 0.00000 0.00000 ( 1)  0.050 +-  0.000
 230 G   0.01968 0.80385 0.17646 ( 2)  1.736 +-  2.090
 231 L   0.09839 0.75555 0.14606 ( 2)  1.535 +-  1.971
 232 P   1.00000 0.00000 0.00000 ( 1)  0.050 +-  0.000
 233 Q   1.00000 0.00000 0.00000 ( 1)  0.050 +-  0.000
 234 Q   0.00146 0.75309 0.24545 ( 2)  2.100 +-  2.447
 235 V   0.99999 0.00001 0.00000 ( 1)  0.050 +-  0.008
 236 L   1.00000 0.00000 0.00000 ( 1)  0.050 +-  0.000
 237 S   0.06986 0.79694 0.13320 ( 2)  1.488 +-  1.843
 238 L   1.00000 0.00000 0.00000 ( 1)  0.050 +-  0.000
 239 L   1.00000 0.00000 0.00000 ( 1)  0.050 +-  0.000
 240 Q   0.99946 0.00048 0.00006 ( 1)  0.051 +-  0.051

Positively selected sites

	Prob(w>1)  mean w

