partition	codon	alpha	beta	alpha=beta	LRT	p-value	Total_branch_length	dN/dS_LB	dN/dS_MLE	dN/dS_UB	p-asmp	class
1	1	0.44	0.127	0.148	0.381	0.55	2.592	0.098	0.288	0.72	0.5373	Neutral
1	2	0.561	0.23	0.293	1.138	0.364	5.143	0.151	0.41	0.99	0.2862	Neutral
1	3	0.102	0.663	0.418	1.75	0.247	7.348	2.111	6.496	23.875	0.1858	Neutral
1	4	2.258	0.053	0.193	13.99	0.005	3.395	0.004	0.023	0.078	0.0002	Purifying
1	5	2.235	0.34	0.487	1.992	0.224	8.549	0.056	0.152	0.369	0.1581	Neutral
1	6	0.454	0.098	0.176	2.772	0.136	3.098	0.052	0.216	0.629	0.0959	Neutral
1	7	0.535	0.099	0.14	2.304	0.149	2.456	0.055	0.186	0.491	0.1291	Neutral
1	8	5119	0.467	250.012	3.098	0.001	4390.873	0	0	"10,000"	0.0784	Purifying
1	9	499.683	0.233	0.429	7.472	0.015	7.537	0	0	0.001	0.0063	Purifying
1	10	6.222	0.139	0.274	7.884	0.008	4.81	0.007	0.022	0.058	0.005	Purifying
1	11	0	0.194	0.165	1.052	0.337	2.905	"7,259.80"	"10,000"	"10,000"	0.305	Neutral
1	12	2.028	0.428	0.399	0.245	0.624	7.009	0.082	0.211	0.933	0.6206	Neutral
1	13	15.629	0.032	0.159	12.363	0.002	2.8	0	0.002	0.009	0.0004	Purifying
1	14	0.135	0.031	0.062	1.525	0.252	1.096	0.013	0.227	1.022	0.2169	Neutral
1	15	0.79	0.388	0.496	0.635	0.509	8.712	0.194	0.491	1.552	0.4256	Neutral
1	16	0.348	0.105	0.172	1.528	0.265	3.023	0.07	0.302	0.962	0.2164	Neutral
1	17	0.093	0	0.039	3.975	0.03	0.683	0	0	0.641	0.0462	Purifying
1	18	0.699	0.113	0.214	5.774	0.018	3.765	0.049	0.161	0.395	0.0163	Purifying
1	19	1.5	0.678	0.704	0.232	0.584	12.366	0.18	0.452	"10,000"	0.6301	Neutral
1	20	9.461	0.053	0.177	14.786	0.005	3.102	0.001	0.006	0.018	0.0001	Purifying
1	21	4.172	0.134	0.237	8.358	0.012	4.159	0.011	0.032	0.077	0.0038	Purifying
1	22	2.678	0.758	0.995	1.276	0.359	17.475	0.108	0.283	"10,000"	0.2586	Neutral
1	23	1.375	0.761	0.918	0.239	0.631	16.119	0.208	0.553	"10,000"	0.625	Neutral
1	24	0.073	0.207	0.177	0.544	0.521	3.112	1.061	2.825	6.78	0.4607	Neutral
1	25	1.184	0.493	0.572	0.357	0.563	10.049	0.171	0.416	1.091	0.5504	Neutral
1	26	1.545	547.571	250.336	0	0.001	4396.569	0.44	354.477	"10,000"	1	Diversifying
1	27	0.309	0.06	0.116	2.635	0.144	2.03	0.031	0.193	0.649	0.1045	Neutral
1	28	10000	0.05	0.137	13.165	0.001	2.407	0	0	0	0.0003	Purifying
1	29	2.688	0.211	0.296	3.718	0.092	5.199	0.031	0.078	0.18	0.0538	Neutral
1	30	0.396	0.298	0.324	0.082	0.795	5.699	0.306	0.754	2.162	0.7749	Neutral
1	31	6320.026	0.09	0.258	12.674	0.003	4.529	0	0	0	0.0004	Purifying
1	32	3363.325	0.46	0.73	2.564	0.164	12.814	0	0	0	0.1093	Neutral
1	33	0.485	0.17	0.25	1.546	0.291	4.396	0.101	0.351	0.928	0.2137	Neutral
1	34	0.319	0	0.059	9.092	0.005	1.042	0	0	0.153	0.0026	Purifying
1	35	10000	0.6	0.854	3.641	0.107	15.005	0	0	0	0.0564	Neutral
1	36	1.669	0.154	0.373	8.201	0.013	6.554	0.031	0.092	0.239	0.0042	Purifying
1	37	4.288	0.101	0.285	11.252	0.007	5.011	0.006	0.024	0.068	0.0008	Purifying
1	38	1.899	0.453	1.085	0.788	0.47	19.048	0.095	0.238	"10,000"	0.3747	Neutral
1	39	0.641	0.301	0.343	0.388	0.578	6.031	0.184	0.469	1.221	0.5332	Neutral
1	40	0.7	0	0.147	17.313	0.003	2.577	0	0	0.08	0	Purifying
1	41	0.325	0.234	0.257	0.131	0.756	4.519	0.233	0.72	1.8	0.7177	Neutral
1	42	61.857	0	1036.719	55.335	0.001	18207.551	0	0	0.001	0	Purifying
1	43	0.512	0.045	0.085	4.267	0.039	1.495	0.014	0.087	0.284	0.0389	Purifying
1	44	22.634	0.065	0.215	8.673	0.006	3.771	0	0.003	0.01	0.0032	Purifying
1	45	207.039	0.099	0.27	10.981	0.002	4.737	0	0	0.001	0.0009	Purifying
1	46	1.892	0.131	0.227	6.28	0.019	3.99	0.021	0.069	0.172	0.0122	Purifying
1	47	10000	0.026	0.053	3.519	0.044	0.932	0	0	0	0.0607	Purifying
1	48	10000	0.424	0.589	3.785	0.083	10.353	0	0	0	0.0517	Neutral
1	49	1.564	0.081	0.147	6.904	0.014	2.587	0.013	0.051	0.142	0.0086	Purifying
1	50	1.38	0.067	0.201	9.698	0.005	3.53	0.008	0.049	0.161	0.0018	Purifying
1	51	1.407	0.101	0.231	6.12	0.03	4.05	0.017	0.072	0.215	0.0134	Purifying
1	52	2847.838	0.244	11.445	13.221	0.001	201.01	0	0	0	0.0003	Purifying
1	53	2306.588	0.124	0.151	2.125	0.195	2.654	0	0	0	0.1449	Neutral
1	54	1.182	0.094	0.22	6.903	0.013	3.859	0.019	0.08	0.228	0.0086	Purifying
1	55	0.81	0.23	0.313	1.754	0.235	5.499	0.095	0.284	0.724	0.1853	Neutral
1	56	353.214	0.095	252.076	32.771	0.001	4427.134	0	0	0.001	0	Purifying
1	57	10000	0.259	250.004	13.476	0.001	4390.728	0	0	0	0.0002	Purifying
1	58	5.25	0.195	0.269	2.056	0.198	4.727	0.014	0.037	0.085	0.1516	Neutral
1	59	3.939	0.162	0.257	3.988	0.083	4.52	0.012	0.041	0.113	0.0458	Neutral
1	60	0.316	0.107	0.171	1.62	0.244	2.999	0.082	0.339	0.945	0.2031	Neutral
1	61	1.188	0.447	0.56	1.385	0.305	9.842	0.166	0.376	0.86	0.2392	Neutral
1	62	7.701	0.145	0.263	7.086	0.007	4.61	0.006	0.019	0.049	0.0078	Purifying
1	63	1.071	0.066	0.204	8.189	0.007	3.588	0.01	0.062	0.209	0.0042	Purifying
1	64	0.252	1.016	0.946	0.755	0.451	16.613	1.75	4.028	"10,000"	0.3849	Neutral
1	65	61.857	0	10000	55.335	0.001	175626.596	0	0	0.001	0	Purifying
1	66	10000	0.144	664.933	19.409	0.001	11677.991	0	0	0	0	Purifying
1	67	0.108	0.04	0.062	0.515	0.561	1.091	0.022	0.366	1.541	0.473	Neutral
1	68	0.711	0.083	0.184	6.18	0.021	3.224	0.029	0.117	0.325	0.0129	Purifying
1	69	0.706	0.065	0.188	6.793	0.015	3.295	0.015	0.092	0.309	0.0091	Purifying
1	70	10.102	0.067	0.192	10.19	0.004	3.376	0.001	0.007	0.023	0.0014	Purifying
1	71	0.937	0.246	0.357	2.457	0.18	6.264	0.097	0.263	0.627	0.117	Neutral
1	72	0.521	0.052	0.133	5.761	0.015	2.328	0.016	0.099	0.33	0.0164	Purifying
1	73	0.6	0.242	0.327	0.989	0.371	5.745	0.132	0.403	1.068	0.3201	Neutral
1	74	0.415	0.074	0.113	2.37	0.156	1.976	0.043	0.178	0.503	0.1236	Neutral
1	75	0.54	0.245	0.305	0.823	0.424	5.364	0.169	0.455	1.094	0.3644	Neutral
1	76	14.83	0.03	0.169	11.692	0.003	2.973	0	0.002	0.009	0.0006	Purifying
1	77	0.74	0.197	0.278	1.797	0.213	4.887	0.089	0.266	0.661	0.1801	Neutral
1	78	61.857	0.199	1036.719	14.62	0.001	18207.551	0.001	0.003	0.009	0.0001	Purifying
1	79	818.654	0.142	299.399	17.423	0.001	5258.25	0	0	0	0	Purifying
1	80	1.082	0.147	0.207	2.918	0.118	3.629	0.047	0.136	0.323	0.0876	Neutral
1	81	4.834	0.185	0.255	3.911	0.07	4.478	0.014	0.038	0.093	0.048	Neutral
1	82	2.221	0.31	0.533	3.113	0.111	9.368	0.051	0.14	0.473	0.0777	Neutral
1	83	10000	0.416	0.566	1.854	0.225	9.941	0	0	0	0.1733	Neutral
1	84	0.34	0.142	0.179	0.591	0.469	3.137	0.126	0.42	1.066	0.4421	Neutral
1	85	2.206	0.193	0.358	5.623	0.023	6.282	0.032	0.087	0.222	0.0177	Purifying
1	86	20.926	0.13	0.379	12.446	0.003	6.655	0.001	0.006	0.017	0.0004	Purifying
1	87	0.968	0.19	0.337	3.708	0.086	5.913	0.067	0.196	0.493	0.0542	Neutral
1	88	10000	0.335	0.383	0.867	0.419	6.735	0	0	0	0.3517	Neutral
1	89	395.184	0.073	0.142	8.617	0.004	2.5	0	0	0.001	0.0033	Purifying
1	90	6.267	0.052	0.132	12.192	0.005	2.312	0.001	0.008	0.026	0.0005	Purifying
1	91	0.716	0.111	0.183	3.193	0.091	3.207	0.047	0.155	0.387	0.0739	Neutral
1	92	0.52	0.18	0.272	1.847	0.225	4.783	0.117	0.346	0.883	0.1742	Neutral
1	93	0.285	0.021	0.056	4.238	0.03	0.983	0.004	0.074	0.339	0.0395	Purifying
1	94	10000	0.182	250.004	24.384	0.001	4390.728	0	0	0	0	Purifying
1	95	15.401	0.079	0.215	6.202	0.018	3.783	0.001	0.005	0.017	0.0128	Purifying
1	96	834.725	0.141	0.357	10.099	0.003	6.267	0	0	0	0.0015	Purifying
1	97	0.843	0	0.118	15.461	0.002	2.064	0	0	0.066	0.0001	Purifying
1	98	10000	0.296	0.727	3.34	0.111	12.766	0	0	0	0.0676	Neutral
1	99	0.912	0.049	0.118	8.083	0.005	2.079	0.009	0.053	0.171	0.0045	Purifying
1	100	0.247	0.344	0.314	0.123	0.776	5.517	0.568	1.395	3.428	0.7255	Neutral
1	101	0.353	0.083	0.136	2.479	0.125	2.389	0.056	0.234	0.652	0.1154	Neutral
1	102	2.299	0.176	0.327	7.004	0.013	5.742	0.022	0.077	0.207	0.0081	Purifying
1	103	11.218	0.024	0.094	12	0.004	1.647	0	0.002	0.01	0.0005	Purifying
1	104	10000	0.049	0.166	9.823	0.003	2.923	0	0	0	0.0017	Purifying
1	105	0.32	0.124	0.166	1.153	0.334	2.924	0.117	0.387	0.974	0.283	Neutral
1	106	12.806	0.06	0.207	11.666	0.007	3.63	0.001	0.005	0.015	0.0006	Purifying
1	107	0.579	0.179	0.222	0.958	0.399	3.907	0.112	0.309	0.809	0.3277	Neutral
1	108	1.545	547.571	250.336	0	0.947	4396.569	0.199	354.477	"10,000"	1	Neutral
1	109	0.726	0.046	0.104	6.276	0.013	1.828	0.01	0.063	0.207	0.0122	Purifying
1	110	2386.144	0.088	0.17	4.983	0.034	2.979	0	0	0	0.0256	Purifying
1	111	1.545	547.571	250.336	0	0.964	4396.569	0.518	354.477	"10,000"	1	Neutral
1	112	1.278	0.227	0.323	3.038	0.11	5.68	0.072	0.177	0.394	0.0813	Neutral
1	113	0.252	0.103	0.139	0.741	0.447	2.45	0.098	0.408	1.159	0.3893	Neutral
1	114	2.949	0.093	0.228	9.406	0.008	4.007	0.008	0.032	0.086	0.0022	Purifying
1	115	0.177	0.338	0.31	0.268	0.686	5.445	0.717	1.912	5.16	0.6049	Neutral
1	116	1.187	0.021	0.082	10.421	0.002	1.445	0.001	0.018	0.082	0.0012	Purifying
1	117	0.215	0.041	0.091	1.549	0.273	1.594	0.01	0.189	0.845	0.2132	Neutral
1	118	1.771	1.158	1.465	0.036	0.825	25.736	0.18	0.654	"10,000"	0.8488	Neutral
1	119	0.445	0.351	0.374	0.085	0.78	6.57	0.331	0.788	1.759	0.7713	Neutral
1	120	3.44	0.167	0.315	7.253	0.019	5.534	0.014	0.049	0.128	0.0071	Purifying
1	121	0.756	0.288	0.447	1.444	0.321	7.85	0.13	0.38	1.119	0.2295	Neutral
1	122	144.436	0.241	37.694	17.766	0.001	661.999	0.001	0.002	0.004	0	Purifying
1	123	1.57	0.226	0.342	4.265	0.063	6.007	0.054	0.144	0.328	0.0389	Neutral
1	124	11.754	0.071	0.216	12.124	0.004	3.797	0.001	0.006	0.018	0.0005	Purifying
1	125	0.656	0.109	0.219	4.25	0.048	3.85	0.04	0.167	0.472	0.0392	Purifying
1	126	0.223	0	0.021	4.56	0.019	0.368	0	0	0.202	0.0327	Purifying
1	127	1.685	0.514	0.662	1.517	0.262	11.63	0.121	0.305	0.718	0.2181	Neutral
1	128	0.442	0.055	0.11	3.945	0.048	1.937	0.02	0.124	0.402	0.047	Purifying
1	129	0.544	0.156	0.198	1.31	0.315	3.483	0.098	0.286	0.675	0.2524	Neutral
1	130	0.266	0.096	0.111	0.603	0.519	1.949	0.108	0.362	0.92	0.4374	Neutral
1	131	9205.845	0.093	0.175	5.008	0.036	3.069	0	0	0	0.0252	Purifying
1	132	0.504	0.2	0.273	1.201	0.339	4.793	0.133	0.397	1.03	0.273	Neutral
1	133	30.031	0.184	0.267	3.565	0.097	4.692	0.002	0.006	0.015	0.059	Neutral
1	134	1.764	0.318	0.525	3.63	0.1	9.229	0.069	0.18	0.452	0.0568	Neutral
1	135	1.633	0.283	0.492	2.466	0.178	8.647	0.067	0.173	0.449	0.1163	Neutral
1	136	10000	0.805	250.004	1.839	0.001	4390.728	0	0	"10,000"	0.1751	Purifying
1	137	9.44	0.16	0.341	9.628	0.006	5.986	0.006	0.017	0.042	0.0019	Purifying
1	138	1.163	0.199	0.34	3.869	0.081	5.968	0.057	0.171	0.439	0.0492	Neutral
1	139	7.31	0.438	0.826	3.557	0.104	14.508	0.021	0.06	0.204	0.0593	Neutral
1	140	9.764	0.715	0.973	1.706	0.294	17.087	0.032	0.073	0.382	0.1914	Neutral
1	141	1.799	0.062	0.164	10.244	0.001	2.875	0.006	0.034	0.107	0.0014	Purifying
1	142	4.82	0.5	1.308	3.489	0.16	22.969	0.038	0.104	"10,000"	0.0618	Neutral
1	143	0.416	0.104	0.157	2.546	0.139	2.753	0.074	0.25	0.617	0.1106	Neutral
1	144	1.27	72.846	52.698	0	0.001	925.52	0.334	57.382	"10,000"	0.9999	Diversifying
1	145	5079.291	0.384	540.803	3.359	0.001	9497.933	0	0	"10,000"	0.0668	Purifying
1	146	0.795	0.541	0.566	0.083	0.749	9.943	0.285	0.68	2.705	0.7739	Neutral
1	147	3.038	3839	11.45	0	1	201.088	0.197	"1,263.72"	"10,000"	1	Neutral
1	148	1983.846	0.064	0.213	15.184	0.002	3.739	0	0	0	0.0001	Purifying
1	149	61.857	0	0.104	19.01	0.004	1.818	0	0	0.001	0	Purifying
1	150	5.427	0.29	0.666	4.321	0.07	11.704	0.018	0.053	0.183	0.0376	Neutral
1	151	0.504	0.342	0.368	0.091	0.767	6.467	0.284	0.679	1.602	0.7629	Neutral
1	152	2.066	0.425	0.594	1.879	0.212	10.43	0.087	0.206	0.585	0.1704	Neutral
1	153	0	2.397	0.901	2.64	0.177	15.831	"8,583.57"	"10,000"	"10,000"	0.1042	Neutral
1	154	0.164	0.08	0.101	0.524	0.548	1.77	0.119	0.492	1.343	0.469	Neutral
1	155	35.1	0.054	0.15	8.697	0.002	2.641	0	0.002	0.005	0.0032	Purifying
1	156	6.19	0.173	0.221	3.273	0.106	3.888	0.01	0.028	0.065	0.0704	Neutral
1	157	0.416	0.316	0.341	0.039	0.839	5.991	0.248	0.76	2.114	0.8438	Neutral
1	158	1.361	0.073	0.134	6.453	0.015	2.357	0.013	0.054	0.145	0.0111	Purifying
1	159	0.44	0.716	0.649	0.105	0.696	11.405	0.609	1.629	28.654	0.7457	Neutral
1	160	2.163	0.209	0.343	5.072	0.036	6.024	0.036	0.097	0.237	0.0243	Purifying
1	161	10.315	0.085	0.241	16.586	0.004	4.241	0.002	0.008	0.022	0	Purifying
1	162	5284.161	0.279	0.527	5.104	0.039	9.25	0	0	0	0.0239	Purifying
1	163	552.981	0.398	0.539	1.679	0.265	9.469	0	0.001	0.002	0.1951	Neutral
1	164	12.004	0.5	1.819	2.416	0.329	31.954	0.015	0.042	"10,000"	0.1201	Neutral
1	165	0.136	0.066	0.088	0.456	0.579	1.549	0.08	0.49	1.576	0.4995	Neutral
1	166	10000	0.582	0.773	1.758	0.232	13.573	0	0	0	0.1848	Neutral
1	167	21.426	0.047	0.118	12.81	0.001	2.077	0	0.002	0.007	0.0003	Purifying
1	168	0.457	0.771	0.685	0.264	0.592	12.033	0.631	1.687	"10,000"	0.6071	Neutral
1	169	0.071	0.036	0.043	0.047	0.836	0.755	0.029	0.506	2.184	0.8287	Neutral
1	170	6.059	0.416	0.532	2.877	0.134	9.348	0.03	0.069	0.194	0.0899	Neutral
1	171	0.556	0.425	0.46	0.053	0.807	8.084	0.292	0.764	2.204	0.8173	Neutral
1	172	0.516	0.141	0.208	2.087	0.2	3.645	0.082	0.273	0.685	0.1485	Neutral
1	173	0.8	0.149	0.265	4.256	0.061	4.662	0.056	0.187	0.476	0.0391	Neutral
1	174	0.418	0.059	0.137	4.758	0.021	2.404	0.023	0.142	0.457	0.0292	Purifying
1	175	0.369	0.155	0.197	1.082	0.354	3.463	0.143	0.419	1.003	0.2982	Neutral
1	176	0.11	0.04	0.062	0.531	0.61	1.095	0.021	0.362	1.521	0.4662	Neutral
1	177	0.547	0.07	0.163	4.818	0.037	2.854	0.021	0.128	0.419	0.0282	Purifying
1	178	61.857	0	0.096	23.293	0.001	1.682	0	0	0.001	0	Purifying
1	179	3.467	0.064	0.201	10.831	0.004	3.535	0.003	0.018	0.061	0.001	Purifying
1	180	0.68	0.046	0.09	4.88	0.017	1.582	0.011	0.068	0.225	0.0272	Purifying
1	181	10000	0.065	1036.719	50.652	0.001	18207.551	0	0	0	0	Purifying
1	182	4.693	0.193	0.31	5.004	0.048	5.452	0.014	0.041	0.103	0.0253	Purifying
1	183	0.537	0.047	0.09	4.122	0.045	1.588	0.014	0.088	0.288	0.0423	Purifying
1	184	0.371	0.023	0.06	3.52	0.043	1.052	0.004	0.063	0.291	0.0606	Purifying
1	185	205.726	0.111	0.225	7.141	0.007	3.949	0	0.001	0.001	0.0075	Purifying
1	186	0.46	0.198	0.267	1.021	0.365	4.697	0.143	0.431	1.142	0.3124	Neutral
1	187	10000	0.074	0.25	14.571	0.004	4.39	0	0	0	0.0001	Purifying
1	188	0.232	0.03	0.083	3.364	0.077	1.463	0.007	0.128	0.585	0.0666	Neutral
1	189	10000	0.195	0.505	11.031	0.005	8.876	0	0	0	0.0009	Purifying
1	190	0.926	0.103	0.199	5.402	0.031	3.49	0.027	0.112	0.31	0.0201	Purifying
1	191	0.251	0.135	0.172	0.282	0.646	3.02	0.128	0.54	1.498	0.5955	Neutral
1	192	9.14	0.021	0.106	17.454	0.003	1.866	0	0.002	0.01	0	Purifying
1	193	0.389	0.029	0.101	5.825	0.012	1.777	0.004	0.074	0.342	0.0158	Purifying
1	194	1.117	0.109	0.17	3.372	0.098	2.985	0.029	0.097	0.248	0.0663	Neutral
1	195	0.463	0.067	0.102	3.203	0.077	1.796	0.035	0.145	0.391	0.0735	Neutral
1	196	61.857	0	0.04	12.31	0.001	0.703	0	0	0.001	0.0005	Purifying
1	197	0.069	0.102	0.092	0.095	0.794	1.613	0.354	1.487	4.235	0.7578	Neutral
1	198	0.274	0.084	0.128	1.702	0.263	2.25	0.074	0.306	0.855	0.192	Neutral
1	199	10000	0.136	0.246	3.334	0.113	4.32	0	0	0	0.0679	Neutral
1	200	10000	0.073	0.15	7.438	0.005	2.63	0	0	0	0.0064	Purifying
1	201	1937.935	0.353	0.628	3.849	0.086	11.025	0	0	0.001	0.0498	Neutral
1	202	3925.5	0.031	250.059	42.48	0.001	4391.693	0	0	0	0	Purifying
1	203	0.369	0.187	0.225	0.609	0.5	3.946	0.174	0.509	1.224	0.4351	Neutral
1	204	1122.615	0.058	0.15	8.747	0.005	2.635	0	0	0	0.0031	Purifying
1	205	1.959	0.063	0.208	10.264	0.005	3.649	0.005	0.032	0.11	0.0014	Purifying
1	206	0	0	0	0	1	0	0	0	0	1	Invariable
1	207	8416.416	0.213	0.327	2.603	0.155	5.747	0	0	0	0.1067	Neutral
1	208	0	3.895	1.092	1.106	0.404	19.174	"8,637.78"	"10,000"	"10,000"	0.2929	Neutral
1	209	1.403	0.63	0.825	0.562	0.46	14.488	0.171	0.449	"10,000"	0.4535	Neutral
1	210	0.85	0.268	0.313	0.532	0.498	5.496	0.127	0.315	0.789	0.4659	Neutral
1	211	0.156	0.259	0.243	0.183	0.685	4.26	0.685	1.66	3.896	0.6684	Neutral
1	212	12.495	0.12	0.206	6.608	0.018	3.612	0.003	0.01	0.025	0.0102	Purifying
1	213	11.176	0.067	0.203	12.319	0.004	3.566	0.001	0.006	0.02	0.0004	Purifying
1	214	7292.189	0.453	1.109	2.904	0.209	19.485	0	0	0	0.0883	Neutral
1	215	0.199	0	0.06	6.507	0.008	1.059	0	0	0.297	0.0107	Purifying
1	216	10000	0.055	0.124	6.875	0.005	2.175	0	0	0	0.0087	Purifying
1	217	1.109	0.083	0.196	5.593	0.029	3.438	0.018	0.075	0.214	0.018	Purifying