partition	codon	alpha	beta	alpha=beta	LRT	p-value	Total_branch_length	dN/dS_LB	dN/dS_MLE	dN/dS_UB	p-asmp	class
1	1	0.797	0.069	0.159	7.451	0.009	3.299	0.021	0.086	0.238	0.0063	Purifying
1	2	0.572	0.194	0.226	0.582	0.48	4.679	0.135	0.339	0.797	0.4455	Neutral
1	3	0.476	0.184	0.263	1.585	0.262	5.449	0.143	0.387	0.958	0.208	Neutral
1	4	1314.504	0.019	0.087	14.703	0.002	1.804	0	0	0	0.0001	Purifying
1	5	1.533	0.262	0.436	2.423	0.175	9.041	0.069	0.171	0.522	0.1196	Neutral
1	6	1335.957	0.19	0.437	6.39	0.031	9.048	0	0	0	0.0115	Purifying
1	7	0.459	0.191	0.251	1.123	0.323	5.203	0.154	0.417	1.074	0.2893	Neutral
1	8	10000	0.204	0.376	2.954	0.128	7.794	0	0	0	0.0857	Neutral
1	9	1.26	0.218	0.295	3.206	0.127	6.11	0.072	0.173	0.376	0.0734	Neutral
1	10	17.723	0.071	53.293	31.217	0.001	1104.267	0.001	0.004	0.012	0	Purifying
1	11	0.251	0.112	0.132	0.521	0.523	2.732	0.137	0.448	1.098	0.4704	Neutral
1	12	0.473	0.324	0.352	0.148	0.731	7.292	0.294	0.684	1.454	0.7007	Neutral
1	13	0.383	0.13	0.155	1.082	0.344	3.222	0.129	0.339	0.758	0.2982	Neutral
1	14	0	0.053	0.034	1.637	0.217	0.715	"3,822.87"	"10,000"	"10,000"	0.2007	Neutral
1	15	0.719	0.753	0.748	0.001	0.831	15.493	0.442	1.047	"10,000"	0.9751	Neutral
1	16	9976.715	0.395	2.3	4.855	0.142	47.647	0	0	0	0.0276	Neutral
1	17	2.676	0.86	1.344	0.435	0.631	27.845	0.055	0.322	"10,000"	0.5095	Neutral
1	18	2.871	0.76	1.041	0.743	0.536	21.577	0.106	0.265	"10,000"	0.3888	Neutral
1	19	1.427	0.371	0.48	1.289	0.347	9.952	0.105	0.26	0.867	0.2563	Neutral
1	20	0.609	2.168	3.655	0.346	0.678	75.724	0.883	3.559	"10,000"	0.5566	Neutral
1	21	0.272	0.168	0.2	0.356	0.576	4.137	0.212	0.617	1.466	0.5509	Neutral
1	22	0.161	1.085	0.831	0.621	0.529	17.211	2.273	6.732	"10,000"	0.4306	Neutral
1	23	6932.11	0.346	10000	7.239	0.001	207206.442	0	0	0	0.0071	Purifying
1	24	7.386	0.145	0.279	7.817	0.012	5.782	0.007	0.02	0.048	0.0052	Purifying
1	25	0.93	0.097	0.195	6.536	0.013	4.049	0.032	0.105	0.26	0.0106	Purifying
1	26	540.538	0.127	0.228	10.193	0.004	4.733	0	0	0.001	0.0014	Purifying
1	27	1.458	0.101	0.22	4.31	0.076	4.559	0.021	0.069	0.18	0.0379	Purifying
1	28	0.512	0.053	0.138	5.86	0.021	2.865	0.017	0.104	0.336	0.0155	Purifying
1	29	6416.242	0.156	0.265	6.932	0.017	5.492	0	0	0	0.0085	Purifying
1	30	0.79	0.103	0.2	6.057	0.023	4.142	0.039	0.13	0.33	0.0138	Purifying
1	31	0.093	0	0.017	2.609	0.054	0.345	0	0	0.467	0.1062	Purifying
1	32	10000	0.308	0.473	3.249	0.114	9.798	0	0	0	0.0715	Neutral
1	33	0.875	0.147	0.264	2.544	0.167	5.463	0.056	0.168	0.422	0.1107	Neutral
1	34	0.743	0.049	0.146	9.173	0.003	3.033	0.011	0.066	0.212	0.0025	Purifying
1	35	0.387	0.086	0.117	1.84	0.242	2.415	0.066	0.222	0.565	0.1749	Neutral
1	36	0.205	0.368	0.34	0.31	0.619	7.043	0.863	1.797	3.811	0.5774	Neutral
1	37	23.444	0.043	1297.525	41.466	0.001	26885.558	0	0.002	0.005	0	Purifying
1	38	0.467	0.357	0.376	0.058	0.841	7.792	0.338	0.766	1.928	0.8094	Neutral
1	39	11.754	0	0.058	19.771	0.001	1.195	0	0	0.003	0	Purifying
1	40	3.175	0.06	0.124	10.094	0.004	2.578	0.005	0.019	0.051	0.0015	Purifying
1	41	0.438	0.025	0.115	8.535	0.004	2.377	0.003	0.057	0.261	0.0035	Purifying
1	42	1.284	0.053	0.184	12.652	0.005	3.806	0.007	0.041	0.133	0.0004	Purifying
1	43	0.447	0.132	0.197	2.534	0.144	4.075	0.101	0.295	0.697	0.1114	Neutral
1	44	0.264	0.085	0.125	1.209	0.298	2.587	0.079	0.322	0.875	0.2715	Neutral
1	45	2.269	0.18	0.363	7.408	0.012	7.528	0.03	0.079	0.188	0.0065	Purifying
1	46	0.681	0.046	0.129	8.5	0.009	2.677	0.011	0.068	0.216	0.0036	Purifying
1	47	1.043	0.224	0.343	2.666	0.156	7.106	0.076	0.214	0.558	0.1025	Neutral
1	48	1.887	0.304	0.331	0.759	0.448	6.857	0.069	0.161	0.478	0.3835	Neutral
1	49	0.443	0.206	0.267	0.764	0.428	5.531	0.157	0.465	1.124	0.3821	Neutral
1	50	0.666	0.077	0.095	1.488	0.287	1.979	0.035	0.116	0.284	0.2225	Neutral
1	51	1202.543	0.226	244.42	11.697	0.001	5064.534	0	0	0	0.0006	Purifying
1	52	3.518	0.3	0.317	0.391	0.569	6.565	0.036	0.085	0.195	0.5317	Neutral
1	53	5.207	0.115	0.22	11.545	0.005	4.569	0.007	0.022	0.052	0.0007	Purifying
1	54	2.579	0.161	0.268	5.575	0.031	5.554	0.023	0.062	0.144	0.0182	Purifying
1	55	2.426	0.283	0.557	3.232	0.123	11.532	0.043	0.117	0.313	0.0722	Neutral
1	56	2.484	0.091	0.24	10.231	0.006	4.979	0.009	0.036	0.1	0.0014	Purifying
1	57	0.712	0.156	0.257	3.02	0.136	5.323	0.074	0.219	0.529	0.0822	Neutral
1	58	2.176	0.173	0.229	3.266	0.101	4.755	0.031	0.079	0.175	0.0707	Neutral
1	59	10000	0.272	0.397	2.613	0.165	8.227	0	0	0	0.106	Neutral
1	60	0.339	0.086	0.151	2.658	0.145	3.122	0.062	0.255	0.709	0.103	Neutral
1	61	2.075	0.62	0.803	1.174	0.411	16.629	0.128	0.299	0.974	0.2786	Neutral
1	62	0.304	0.125	0.161	1.092	0.336	3.338	0.141	0.411	0.97	0.2961	Neutral
1	63	0.765	0.06	0.133	7.416	0.01	2.747	0.019	0.079	0.217	0.0065	Purifying
1	64	10000	0.11	0.28	8.342	0.011	5.812	0	0	0	0.0039	Purifying
1	65	3.014	0.241	0.363	5.215	0.036	7.532	0.034	0.08	0.179	0.0224	Purifying
1	66	3.749	0.13	0.262	8.225	0.013	5.439	0.011	0.035	0.083	0.0041	Purifying
1	67	0.438	0.048	0.114	5.524	0.021	2.365	0.018	0.11	0.354	0.0188	Purifying
1	68	1.818	0.235	0.326	3.066	0.111	6.753	0.053	0.129	0.281	0.0799	Neutral
1	69	2137.927	0.213	0.339	3.964	0.078	7.031	0	0	0	0.0465	Purifying
1	70	4292.863	0.175	22.744	21.346	0.001	471.277	0	0	0	0	Purifying
1	71	3.522	0.142	0.282	7.109	0.016	5.833	0.012	0.04	0.103	0.0077	Purifying
1	72	4317.844	0.082	0.155	10.743	0.003	3.206	0	0	0	0.001	Purifying
1	73	9.859	0.167	36.26	16.376	0.001	751.338	0.006	0.017	0.04	0.0001	Purifying
1	74	12.858	0.056	0.185	12.417	0.003	3.825	0.001	0.004	0.013	0.0004	Purifying
1	75	0.97	0.137	0.22	4.649	0.04	4.557	0.049	0.141	0.326	0.0311	Purifying
1	76	0.526	0.229	0.303	0.999	0.389	6.288	0.17	0.436	1.057	0.3175	Neutral
1	77	17.47	0.051	0.191	13.33	0.007	3.961	0	0.003	0.01	0.0003	Purifying
1	78	0.668	0.409	0.462	0.377	0.617	9.582	0.267	0.612	1.338	0.5395	Neutral
1	79	0.859	0.627	0.668	0.055	0.754	13.85	0.278	0.73	"10,000"	0.8141	Neutral
1	80	0.244	0.16	0.176	0.156	0.701	3.654	0.249	0.657	1.493	0.6927	Neutral
1	81	0.732	0.181	0.259	2.776	0.145	5.36	0.1	0.247	0.579	0.0957	Neutral
1	82	1.282	0.43	0.507	1.128	0.356	10.504	0.153	0.336	0.797	0.2881	Neutral
1	83	0.535	0.198	0.223	0.789	0.419	4.616	0.16	0.37	0.786	0.3745	Neutral
1	84	8818.648	0.224	0.457	5.708	0.026	9.469	0	0	0	0.0169	Purifying
1	85	38.379	0.084	1036.719	35.702	0.001	21481.496	0.001	0.002	0.006	0	Purifying
1	86	0	0.179	0.164	0.887	0.404	3.398	"7,599.81"	"10,000"	"10,000"	0.3464	Neutral
1	87	1.564	0.1	0.253	10.744	0.005	5.24	0.019	0.064	0.161	0.001	Purifying
1	88	0.728	0.064	0.094	3.563	0.085	1.951	0.022	0.088	0.231	0.0591	Purifying
1	89	0.619	0.07	0.172	5.752	0.031	3.559	0.027	0.113	0.321	0.0165	Purifying
1	90	0.599	0.165	0.238	2.226	0.191	4.934	0.103	0.275	0.65	0.1357	Neutral
1	91	0.1	0.113	0.109	0.01	0.926	2.254	0.338	1.124	2.778	0.9196	Neutral
1	92	0.698	0.287	0.399	1.012	0.393	8.27	0.153	0.412	1.161	0.3143	Neutral
1	93	2.827	0.266	0.4	3.153	0.121	8.284	0.037	0.094	0.222	0.0758	Neutral
1	94	6.456	0.071	0.143	6.045	0.018	2.964	0.003	0.011	0.03	0.0139	Purifying
1	95	1.126	0.309	0.469	1.773	0.256	9.714	0.109	0.275	1.095	0.1831	Neutral
1	96	0.515	0.248	0.307	0.784	0.44	6.368	0.194	0.482	1.112	0.376	Neutral
1	97	0	0.202	0.166	2.692	0.13	3.437	"7,864.59"	"10,000"	"10,000"	0.1009	Neutral
1	98	4211.899	0.296	0.526	4.337	0.071	10.891	0	0	0	0.0373	Purifying
1	99	0.742	0.23	0.307	1.81	0.255	6.363	0.123	0.31	0.734	0.1786	Neutral
1	100	0.406	0.18	0.205	0.541	0.501	4.253	0.177	0.444	0.963	0.4621	Neutral
1	101	4.794	0.18	0.283	7.801	0.015	5.871	0.015	0.038	0.081	0.0052	Purifying
1	102	0.833	0.076	0.157	4.512	0.049	3.247	0.022	0.091	0.256	0.0336	Purifying
1	103	0.366	0.607	0.459	0.192	0.703	9.517	0.493	1.659	7.537	0.6616	Neutral
1	104	42.07	0.417	0.824	2.527	0.24	17.073	0.004	0.01	"10,000"	0.1119	Neutral
1	105	3378.332	0.154	0.248	3.045	0.107	5.145	0	0	0	0.081	Neutral
1	106	10000	0.135	0.198	2.848	0.129	4.1	0	0	0	0.0915	Neutral
1	107	1.455	0.484	0.579	0.743	0.452	12.003	0.147	0.333	0.893	0.3888	Neutral
1	108	0.094	0.063	0.067	0.059	0.851	1.391	0.162	0.664	1.793	0.8076	Neutral
1	109	1748.676	0.186	0.388	8.472	0.012	8.033	0	0	0	0.0036	Purifying
1	110	0	7.995	337.226	0.239	0.001	6987.537	"8,977.51"	"10,000"	"10,000"	0.6247	Diversifying
1	111	0.225	0.232	0.231	0.001	0.978	4.783	0.439	1.035	2.475	0.9745	Neutral
1	112	0.497	0.055	0.162	7.34	0.014	3.351	0.018	0.11	0.355	0.0067	Purifying
1	113	582.381	0.599	23.237	1.581	0.114	481.48	0	0.001	"10,000"	0.2086	Neutral
1	114	1.167	17.453	7.417	0	0.98	153.688	0.394	14.952	"10,000"	0.9838	Neutral
1	115	0.795	0.018	0.089	13.227	0.002	1.842	0.001	0.023	0.105	0.0003	Purifying
1	116	8769.689	0.195	0.403	8.402	0.008	8.353	0	0	0	0.0037	Purifying
1	117	1.315	0.356	0.445	1.031	0.389	9.226	0.118	0.271	0.665	0.31	Neutral
1	118	0.456	0.122	0.189	2.394	0.165	3.919	0.083	0.267	0.659	0.1218	Neutral
1	119	4.763	0.128	0.292	11.334	0.004	6.043	0.009	0.027	0.064	0.0008	Purifying
1	120	0.924	0.238	0.414	2.751	0.174	8.57	0.094	0.258	0.709	0.0972	Neutral
1	121	3.823	0.429	0.516	0.919	0.414	10.696	0.051	0.112	0.395	0.3377	Neutral
1	122	2358.665	0.477	309.588	4.244	0.001	6414.856	0	0	0.001	0.0394	Purifying
1	123	1.238	0.075	0.18	8.531	0.005	3.722	0.015	0.061	0.167	0.0035	Purifying
1	124	1.762	1.018	1.175	0.102	0.773	24.349	0.227	0.578	"10,000"	0.7499	Neutral
1	125	0.818	0.043	0.118	9.218	0.005	2.445	0.009	0.052	0.169	0.0024	Purifying
1	126	10000	0.202	23.156	15.087	0.001	479.816	0	0	0	0.0001	Purifying
1	127	0.352	0.047	0.109	4.962	0.022	2.255	0.022	0.134	0.428	0.0259	Purifying
1	128	0	1.489	0.73	5.042	0.073	15.13	"8,868.50"	"10,000"	"10,000"	0.0247	Diversifying
1	129	0.2	0.055	0.067	0.862	0.463	1.392	0.067	0.275	0.751	0.3532	Neutral
1	130	1.746	0.209	0.432	5.348	0.044	8.942	0.043	0.12	0.293	0.0207	Purifying
1	131	0.172	0.027	0.073	2.759	0.118	1.513	0.009	0.159	0.728	0.0967	Neutral
1	132	4883.119	0.171	0.338	9	0.009	7.005	0	0	0	0.0027	Purifying
1	133	4811.39	0.252	0.442	6.685	0.02	9.16	0	0	0	0.0097	Purifying
1	134	10000	0.633	23.098	3.373	0.023	478.609	0	0	"10,000"	0.0663	Purifying
1	135	0.764	0.35	0.419	0.671	0.47	8.679	0.198	0.458	1.016	0.4128	Neutral
1	136	1.545	547.571	22.988	0	0.998	476.326	0.315	354.477	"10,000"	1	Neutral
1	137	0	7.348	10.107	0.295	0.739	209.416	"8,853.65"	"10,000"	"10,000"	0.5869	Neutral
1	138	20.786	0.667	4999.5	0.965	0.001	103592.861	0.011	0.032	"10,000"	0.3259	Purifying
1	139	0.377	0.168	0.211	1.021	0.355	4.381	0.168	0.445	1.022	0.3122	Neutral
1	140	0.328	0.367	0.357	0.02	0.896	7.389	0.481	1.12	2.346	0.887	Neutral
1	141	2.897	0.133	0.346	7.734	0.008	7.163	0.013	0.046	0.127	0.0054	Purifying
1	142	1.173	1.173	1.175	0	0.97	24.341	0.256	1	"10,000"	1	Neutral
1	143	3.724	0.241	0.439	4.039	0.07	9.106	0.025	0.065	0.171	0.0445	Purifying
1	144	3006.748	0.294	477.25	7.086	0.001	9888.927	0	0	0	0.0078	Purifying
1	145	4.854	0.629	1.05	1.87	0.352	21.755	0.044	0.13	"10,000"	0.1714	Neutral
1	146	1.302	21.326	13.356	0	0.999	276.741	0.284	16.377	"10,000"	0.9886	Neutral
1	147	6.008	0.895	0.975	0.297	0.658	20.207	0.051	0.149	"10,000"	0.5859	Neutral
1	148	1.596	0.151	0.252	3.824	0.074	5.23	0.032	0.095	0.241	0.0505	Purifying
1	149	0.764	0.252	0.335	1.863	0.267	6.938	0.142	0.33	0.726	0.1722	Neutral
1	150	1567.103	0.174	0.349	4.235	0.065	7.23	0	0	0	0.0396	Purifying
1	151	1.091	0.412	0.524	0.896	0.438	10.849	0.168	0.377	1.105	0.3438	Neutral
1	152	0.798	1.798	1.331	0.116	0.781	27.579	0.407	2.254	"10,000"	0.7334	Neutral
1	153	1.556	0.242	0.357	2.147	0.191	7.393	0.059	0.156	0.429	0.1428	Neutral
1	154	8507.344	0.151	0.272	8.448	0.007	5.64	0	0	0	0.0037	Purifying
1	155	1236.101	0.56	0.721	1.03	0.423	14.947	0	0	"10,000"	0.3101	Neutral
1	156	0.395	1.684	1.854	1.233	0.501	38.408	1.514	4.267	"10,000"	0.2667	Neutral
1	157	1.364	0.307	0.429	2.626	0.18	8.887	0.1	0.225	0.506	0.1052	Neutral
1	158	1.202	0.064	0.124	6.685	0.01	2.565	0.013	0.053	0.151	0.0097	Purifying
1	159	1.545	547.571	2.447	-0.061	0.96	50.702	0.362	354.477	"10,000"	1	Neutral
1	160	5.188	0.113	0.286	11.184	0.007	5.932	0.007	0.022	0.056	0.0008	Purifying
1	161	12.012	0.143	0.299	6.13	0.024	6.196	0.004	0.012	0.03	0.0133	Purifying
1	162	6.491	0.682	0.882	0.738	0.517	18.274	0.039	0.105	"10,000"	0.3903	Neutral
1	163	1.105	23	13.472	0	0.998	279.146	0.728	20.81	"10,000"	0.9939	Neutral
1	164	10000	0.255	0.311	2.414	0.165	6.435	0	0	0	0.1203	Neutral
1	165	1.741	0.498	0.774	1.178	0.384	16.038	0.113	0.286	"10,000"	0.2777	Neutral
1	166	0.561	0.441	0.501	0.063	0.797	10.385	0.267	0.787	3.383	0.8014	Neutral
1	167	0	6.829	1.839	0.092	0.828	38.112	"9,016.22"	"10,000"	"10,000"	0.7613	Neutral
1	168	0.456	0.179	0.255	1.661	0.244	5.275	0.138	0.391	0.919	0.1975	Neutral
1	169	0.79	0.244	0.304	1.337	0.327	6.3	0.121	0.308	0.768	0.2476	Neutral
1	170	10000	0.263	0.433	5.625	0.039	8.977	0	0	0	0.0177	Purifying
1	171	4.109	0.053	0.242	20.593	0.003	5.008	0.002	0.013	0.042	0	Purifying
1	172	0.516	0	0.088	15.146	0.001	1.828	0	0	0.084	0.0001	Purifying
1	173	1.187	0.082	0.179	8.319	0.008	3.709	0.017	0.069	0.192	0.0039	Purifying
1	174	1.23	0.448	0.599	1.402	0.348	12.416	0.151	0.364	0.895	0.2363	Neutral
1	175	4.662	0.183	0.269	5.693	0.031	5.577	0.015	0.039	0.085	0.017	Purifying
1	176	0.512	0.156	0.188	1.278	0.325	3.891	0.125	0.305	0.651	0.2582	Neutral
1	177	0.445	0.048	0.121	6.644	0.01	2.508	0.018	0.108	0.342	0.0099	Purifying
1	178	10000	0.12	0.208	5.364	0.036	4.317	0	0	0	0.0206	Purifying
1	179	8438.861	0.139	1036.719	24.468	0.001	21481.496	0	0	0	0	Purifying
1	180	10000	0.602	363.75	2.925	0.001	7537.124	0	0	"10,000"	0.0872	Purifying
1	181	0.356	0.185	0.212	0.563	0.486	4.39	0.213	0.52	1.126	0.4532	Neutral
1	182	1.517	0.238	0.387	4.325	0.055	8.024	0.062	0.157	0.37	0.0376	Purifying
1	183	2.056	0.552	0.83	1.04	0.437	17.197	0.097	0.268	"10,000"	0.3079	Neutral
1	184	5.859	0.04	0.135	17.016	0.004	2.789	0.001	0.007	0.022	0	Purifying
1	185	0.423	0.131	0.203	2.076	0.207	4.199	0.093	0.309	0.767	0.1496	Neutral
1	186	0.273	5.641	1.384	0.009	0.893	28.677	2.818	20.638	"10,000"	0.9252	Neutral
1	187	2.559	0.18	0.391	8.321	0.008	8.108	0.027	0.07	0.172	0.0039	Purifying
1	188	0.429	0.464	0.457	0.005	0.931	9.464	0.495	1.082	3.048	0.9426	Neutral
1	189	10000	0.335	0.568	3.227	0.1	11.77	0	0	0	0.0725	Purifying
1	190	0.32	0.058	0.087	2.48	0.146	1.808	0.045	0.182	0.498	0.1153	Neutral
1	191	0.569	0.157	0.209	1.859	0.223	4.331	0.105	0.275	0.619	0.1728	Neutral
1	192	1563.144	0.199	0.302	2.317	0.177	6.251	0	0	0	0.1279	Neutral
1	193	0.631	0.483	0.514	0.072	0.795	10.646	0.306	0.765	"10,000"	0.7885	Neutral
1	194	10000	0.223	0.418	5.562	0.052	8.655	0	0	0	0.0184	Purifying
1	195	711.546	0.142	0.228	5.897	0.03	4.721	0	0	0	0.0152	Purifying
1	196	0.494	0.374	0.4	0.114	0.765	8.29	0.338	0.758	1.601	0.7352	Neutral
1	197	3.869	0.27	0.371	4.444	0.054	7.68	0.028	0.07	0.152	0.035	Purifying
1	198	0.664	0.189	0.284	2.933	0.124	5.889	0.112	0.285	0.617	0.0868	Neutral
1	199	0.322	0.049	0.094	3.131	0.087	1.953	0.024	0.151	0.48	0.0768	Purifying
1	200	12.546	0.286	0.433	3.448	0.102	8.972	0.009	0.023	0.054	0.0633	Neutral
1	201	1.161	0.044	0.124	9.513	0.005	2.566	0.006	0.038	0.122	0.002	Purifying
1	202	10.812	0.085	0.229	13.891	0.006	4.736	0.002	0.008	0.021	0.0002	Purifying
1	203	11.754	0	0.076	21.439	0.001	1.573	0	0	0.003	0	Purifying
1	204	1.782	0.081	0.121	4.306	0.052	2.507	0.014	0.046	0.115	0.038	Purifying
1	205	2.686	0.105	0.247	10.062	0.007	5.112	0.012	0.039	0.102	0.0015	Purifying
1	206	0.987	0.279	0.448	1.702	0.284	9.285	0.107	0.283	0.867	0.1921	Neutral
1	207	0.093	0	0.015	3.72	0.029	0.311	0	0	0.369	0.0538	Purifying
1	208	1.676	0.219	0.338	5.095	0.041	6.998	0.053	0.131	0.288	0.024	Purifying
1	209	3.999	0.108	0.268	10.998	0.004	5.556	0.008	0.027	0.07	0.0009	Purifying
1	210	7734.424	0.263	0.392	2.766	0.133	8.125	0	0	0	0.0963	Neutral
1	211	0.66	0.052	0.151	7.889	0.006	3.136	0.013	0.079	0.256	0.005	Purifying
1	212	2.369	0.098	0.159	3.187	0.1	3.286	0.012	0.041	0.102	0.0742	Purifying
1	213	8662.101	0.139	22.887	25.342	0.001	474.242	0	0	0	0	Purifying
1	214	0.136	0.358	0.3	0.568	0.546	6.206	1.141	2.626	8.851	0.4509	Neutral
1	215	0	0.085	0.073	0.695	0.503	1.506	"6,183.59"	"10,000"	"10,000"	0.4044	Neutral
1	216	0.376	0.143	0.183	1.085	0.325	3.785	0.133	0.382	0.89	0.2975	Neutral
1	217	9.666	0.136	0.258	3.842	0.077	5.34	0.005	0.014	0.033	0.05	Purifying
1	218	0.093	0	0.015	3.729	0.032	0.307	0	0	0.364	0.0535	Purifying
1	219	0.212	0	0.017	4.842	0.008	0.353	0	0	0.17	0.0278	Purifying
1	220	5.091	0.053	0.14	8.773	0.008	2.893	0.002	0.011	0.034	0.0031	Purifying
1	221	1.906	0.132	0.205	3.939	0.085	4.249	0.024	0.069	0.162	0.0472	Purifying
1	222	0.853	0.298	0.384	1.235	0.359	7.953	0.146	0.349	0.853	0.2664	Neutral
1	223	10000	0.131	0.223	6.03	0.021	4.62	0	0	0	0.0141	Purifying
1	224	10000	0.155	0.29	9.459	0.007	6.008	0	0	0	0.0021	Purifying
1	225	0.278	0	0.091	10.247	0.003	1.895	0	0	0.188	0.0014	Purifying
1	226	2.409	0.21	0.332	4.319	0.067	6.873	0.033	0.087	0.203	0.0377	Purifying
1	227	10000	0.067	0.141	7.946	0.005	2.913	0	0	0	0.0048	Purifying
1	228	61.857	0	4999.5	50.761	0.001	103592.861	0	0	0.001	0	Purifying
1	229	0.361	0.037	0.069	3.938	0.048	1.421	0.017	0.103	0.331	0.0472	Purifying
1	230	10000	0.282	0.899	3.773	0.184	18.633	0	0	0	0.0521	Neutral
1	231	1.188	0.541	0.678	0.549	0.533	14.046	0.181	0.455	6.294	0.4589	Neutral
1	232	0.448	0.152	0.23	2.058	0.211	4.761	0.115	0.339	0.823	0.1514	Neutral
1	233	0.218	0	0.017	4.887	0.012	0.354	0	0	0.165	0.0271	Purifying
1	234	1.353	0.86	1.07	0.03	0.812	22.168	0.191	0.636	"10,000"	0.8626	Neutral
1	235	5.408	0.19	0.352	7.039	0.011	7.293	0.013	0.035	0.083	0.008	Purifying
1	236	0.171	0	0.054	6.618	0.006	1.115	0	0	0.301	0.0101	Purifying
1	237	0.276	0.419	0.398	0.146	0.716	8.238	0.695	1.517	3.458	0.7024	Neutral
1	238	122.509	0	0.138	22.438	0.002	2.86	0	0	0	0	Purifying
1	239	0.26	0.023	0.075	4.718	0.029	1.546	0.005	0.09	0.413	0.0298	Purifying
1	240	0.871	0.169	0.273	3.833	0.085	5.656	0.074	0.195	0.445	0.0502	Purifying